byte offset: 0
first index: 101007
index count: 3369
topology: trianglelist
format: DXGI_FORMAT_R16_UINT

15749 15771 15770
15773 15772 15746
15775 15774 15755
15777 15776 15766
15741 15755 15762
15747 15745 15792
15740 15739 15756
17357 17356 15776
17356 15763 15776
15750 15781 17366
15769 15754 15752
15779 15778 15751
15778 15780 15750
15750 15780 15781
15783 15748 17354
15744 15763 17355
15763 17356 17355
17366 17367 17364
17367 17365 17364
15747 15784 15775
15775 15755 15740
15775 15740 15747
15741 15753 15738
15754 15769 15753
15765 15740 15755
15755 15738 15765
15769 15752 15765
15751 15778 15750
17362 15785 15751
15785 15779 15751
17366 15781 17367
15748 15783 15786
15757 15756 15739
15752 15759 15758
15752 15754 15759
15754 15760 15759
15770 15761 15749
15760 15754 15761
15749 15761 15754
15753 15749 15754
15771 15749 15753
15753 15787 15771
15741 15788 15787
15787 15753 15741
15788 15741 15762
10682 15788 15762
15755 15741 15738
15740 15756 15747
15757 15745 15747
15758 15746 15757
15773 15758 15759
15789 15759 15760
15790 15789 15760
15770 15790 15761
15791 10682 15762
15762 15774 15791
15774 15762 15755
15739 15758 15757
15766 15776 15763
15763 15744 15766
15744 15767 15766
15748 15768 15767
15767 15744 15748
17355 17354 15744
17354 15748 15744
15747 15756 15757
15792 15784 15747
15793 15792 15745
15764 15794 15793
15793 15745 15764
15794 15764 15795
30779 15786 15795
15748 15786 30779
15773 15746 15758
15739 15740 15765
15752 15739 15765
15758 15739 15752
15789 15773 15759
15790 15760 15761
15796 15742 15772
15742 15746 15772
15743 15746 15742
15757 15746 15743
15757 15743 15745
15745 15743 15764
15742 15796 15766
15796 15777 15766
15767 15742 15766
15742 15767 15743
15743 15768 15764
15768 15743 15767
15795 30780 30779
15769 15738 15753
15765 15738 15769
30815 30816 30817
30818 30819 30820
30819 30818 30821
30822 30820 30823
30820 30822 30818
30824 30825 30826
30825 30824 30827
30828 10669 10681
10669 30828 30829
16676 30830 30831
30830 16676 16675
16677 30832 16678
30832 16677 30833
30830 16679 30834
16679 30830 16675
16680 30835 30836
30835 16678 30832
16678 30835 16680
10668 30829 30834
30829 10668 10669
17368 30837 16634
30837 17368 30838
30839 30826 30825
30826 30839 30840
16634 30841 16639
30841 16634 30837
30842 30843 30844
30843 30842 30845
30846 30842 16637
30842 30846 30845
16639 30847 30848
30847 16639 30841
16942 15782 16681
15782 16942 30849
30850 30851 30852
30851 30850 30853
10668 30834 16679
30836 10675 16680
10675 30836 30891
30836 16942 30891
30836 30849 16942
30822 30815 30817
30815 30822 30823
30892 30828 10681
30833 16676 30831
16676 30833 16677
30909 30819 30821
30819 30909 30910
30827 30910 30909
30910 30827 30824
31476 16821 10670
10671 16822 16823
10670 16822 10671
10670 16821 16822
16824 16825 16826
16831 16824 16828
31477 10672 16832
10672 10673 16823
16930 16833 16931
16833 16834 16931
16927 16835 17410
16835 17411 17410
16929 16838 16930
16838 16833 16930
16932 16839 16933
16839 16840 16933
16933 16840 31478
16840 31479 31478
16931 16834 16932
16834 16839 16932
16831 16825 16824
16832 16925 31477
16841 16937 16827
17403 16837 17402
16837 16926 17402
16837 17407 16926
17407 17406 16926
16928 16836 17414
16836 17415 17414
31480 31481 16802
31482 16808 31483
31481 31484 16801
31481 16801 16802
16805 16804 16815
16803 16854 16805
16814 16803 16805
16807 16806 16808
16922 31485 31486
31485 16922 16921
17409 31487 31488
31487 17409 16918
16921 31489 31485
31489 16921 16920
16924 31490 31491
31490 16924 16923
16924 31492 31493
31492 16924 31491
16923 31486 31490
31486 16923 16922
16814 16805 16815
16916 31494 31495
31494 16916 31496
16818 16935 16934
17401 31495 31497
31495 17401 16916
17405 31498 31499
31498 17405 16917
17413 31500 31501
31500 17413 16919
31502 31503 31504
31503 31505 31504
31506 31505 31507
31505 31506 31504
31508 31509 31510
31509 31508 31511
31510 16817 31512
16817 31510 31509
31513 31514 31515
31514 31513 16829
16830 31516 31517
31516 16830 31518
31492 31515 31493
31515 31492 31513
31519 16809 31520
16809 31519 16812
31521 17412 31522
17412 31521 16819
31523 16812 31519
16812 31523 16820
31524 16813 31525
16813 31524 16816
31525 31511 31508
31511 31525 16813
31520 16816 31524
16816 31520 16809
16830 17404 31526
17404 16830 31517
31512 16799 31527
16799 31512 16817
16842 31514 16829
31514 16842 16800
31518 31507 31516
31507 31518 31506
31528 17408 31529
17408 31528 16811
31530 17416 31531
17416 31530 16810
16832 10672 16823
16804 16805 31661
31662 31663 31664
31665 31666 31667
16818 31668 16935
16804 31661 31669
16804 31669 31665
31670 31671 31672
16803 31672 16854
16803 16818 31673
31663 31665 31667
31674 31669 31675
31669 31674 31676
31663 16804 31665
16803 31673 31672
31669 31677 31665
31672 31678 31679
31678 31672 31671
31680 31681 31682
31680 31683 31684
16828 16824 31680
16827 16824 16826
31482 16807 16808
16808 16801 31484
16823 31685 16832
31673 31670 31672
31669 31676 31677
16827 16909 16824
16824 16909 31680
31680 16909 31683
16807 31482 31703
31703 31704 16807
16807 31705 31706
31707 31708 31709
31708 31710 31709
31711 31712 31713
31712 31714 31713
31715 31716 31717
31716 31718 31717
31719 31720 31721
31720 31722 31721
31720 31723 31722
31723 31724 31722
31723 31725 31724
31725 31726 31724
31725 31727 31726
31727 31728 31726
31727 16814 31728
16814 16815 31728
16909 16827 31729
16934 31730 31673
31731 16827 16937
31731 31729 16827
31680 31684 31681
31663 31667 31664
16818 16934 31673
16808 31484 31483
10673 10671 16823
15783 17354 32081
17354 17358 32081
17354 17355 17358
17355 17359 17358
17355 17356 17359
17356 17360 17359
17356 17357 17360
17357 17361 17360
17362 17363 17360
17363 17359 17360
15785 17362 17361
17362 17360 17361
17358 17359 17364
17359 17363 17364
32081 17358 17365
17358 17364 17365
17363 17362 15750
17362 15751 15750
15750 17366 17363
17366 17364 17363
30838 16681 15782
16681 30838 17368
30840 32082 32083
32082 30840 30839
32083 30853 30850
30853 32083 32082
16917 31497 31498
31497 16917 17401
31526 16811 31528
16811 31526 17404
31706 31705 31710
31705 31709 31710
17402 16832 17403
16832 17402 16925
16832 31685 17403
16807 31704 31705
16807 31706 16806
16918 31499 31487
31499 16918 17405
17406 17407 16927
17407 16835 16927
31529 16819 31521
16819 31529 17408
31707 31714 31708
31714 31712 31708
16919 31488 31500
31488 16919 17409
17410 17411 16928
17411 16836 16928
31522 16810 31530
16810 31522 17412
31713 31718 31711
31718 31716 31711
16920 31501 31489
31501 16920 17413
17414 17415 16929
17415 16838 16929
31531 16820 31523
16820 31531 17416
31717 31719 31715
31719 31721 31715
17553 17419 17422
17535 17534 17537
17534 17538 17537
17430 17429 17434
17429 32114 17434
17428 17429 17529
17529 17420 17428
17422 17419 17423
17419 17517 17423
17540 17539 32115
17430 17434 17536
17536 17431 17430
17537 17431 17535
17431 17536 17535
17424 17531 17423
17531 17425 17423
17427 17542 17541
17436 17427 17435
17427 17426 17435
32116 17496 32117
17496 17495 32117
17435 17426 17543
17426 17544 17543
17538 17439 17545
17534 17533 17538
17533 17439 17538
17514 17512 32118
32119 32120 17546
32120 17511 17546
17547 17542 17436
17542 17427 17436
17417 17556 17418
17556 17438 17418
32115 17421 17540
17530 17529 17430
17529 17429 17430
17431 17537 17515
17537 17516 17515
17426 17516 17544
17516 17537 17544
17424 17417 17432
17417 17418 17432
17531 17424 17433
17424 17432 17433
17435 17440 17436
17440 17443 17436
17543 17548 17435
17548 17440 17435
17439 17444 17545
17444 17549 17545
17533 17532 17439
17532 17444 17439
17445 17551 17550
17517 17518 17417
17518 17550 17417
17518 17517 17437
17517 17419 17437
17552 17437 17553
17437 17419 17553
17547 17443 17554
17443 17547 17436
17556 17555 17438
17555 17442 17438
17445 17550 17519
17550 17518 17519
17519 17518 17441
17518 17437 17441
17557 17441 17552
17441 17437 17552
17440 17447 17443
17447 17449 17443
17548 17558 17440
17558 17447 17440
17444 17451 17549
17451 17559 17549
17450 17444 17532
17445 17452 17551
17452 17560 17551
17443 17449 17554
17449 17561 17554
17555 17562 17442
17562 17448 17442
17452 17445 17520
17445 17519 17520
17520 17519 17446
17519 17441 17446
17441 17557 17563
17563 17446 17441
17456 17449 17454
17449 17447 17454
17558 17564 17447
17564 17454 17447
17451 17458 17559
17458 17565 17559
17450 17457 17451
17457 17458 17451
17452 17459 17560
17459 17566 17560
17449 17456 17561
17456 17567 17561
17562 17568 17448
17568 17455 17448
17459 17452 17521
17452 17520 17521
17521 17520 17453
17520 17446 17453
17569 17453 17563
17453 17446 17563
17456 17454 17461
17564 17570 17454
17570 17461 17454
17458 17466 17565
17466 17571 17565
17457 17465 17458
17465 17466 17458
17459 17467 17566
17467 17572 17566
17464 17573 17567
17568 17574 17455
17574 17462 17455
17464 17456 17463
17467 17459 17522
17459 17521 17522
17522 17521 17460
17521 17453 17460
17575 17460 17569
17460 17453 17569
17461 17469 17463
17469 17471 17463
17570 17576 17461
17576 17469 17461
17466 17474 17571
17474 17577 17571
17465 17473 17466
17473 17474 17466
17467 17475 17572
17475 17578 17572
17464 17472 17573
17472 17579 17573
17574 17580 17462
17580 17470 17462
17472 17464 17471
17464 17463 17471
17475 17467 17523
17467 17522 17523
17522 17460 17523
17460 17468 17523
17581 17468 17575
17468 17460 17575
17469 17477 17471
17477 17479 17471
17576 17582 17469
17582 17477 17469
17474 17482 17577
17482 17583 17577
17473 17481 17474
17481 17482 17474
17475 17483 17578
17483 17584 17578
17472 17480 17579
17480 17585 17579
17580 17586 17470
17586 17478 17470
17480 17472 17479
17472 17471 17479
17483 17475 17524
17475 17523 17524
17523 17468 17524
17468 17476 17524
17587 17476 17581
17476 17468 17581
17477 17485 17479
17485 17487 17479
17582 17588 17477
17588 17485 17477
17482 17490 17583
17490 17589 17583
17481 17489 17482
17489 17490 17482
17483 17491 17584
17491 17590 17584
17480 17488 17585
17488 17591 17585
17586 17592 17478
17592 17486 17478
17488 17480 17487
17480 17479 17487
17491 17483 17525
17483 17524 17525
17524 17476 17525
17476 17484 17525
17593 17484 17587
17484 17476 17587
17485 17493 17487
17493 17495 17487
17588 17594 17485
17594 17493 17485
17490 17498 17589
17498 17595 17589
17489 17497 17490
17497 17498 17490
17491 17499 17590
17499 17596 17590
17488 17496 17591
17496 32121 17591
17592 17597 17486
17597 17494 17486
17496 17488 17495
17488 17487 17495
17499 17491 17526
17491 17525 17526
17525 17484 17526
17484 17492 17526
17598 17492 17593
17492 17484 17593
17493 17501 17495
17594 17599 17493
17599 17501 17493
17498 17504 17595
17504 17600 17595
17497 17503 17498
17503 17504 17498
17499 17505 17596
17505 17601 17596
17496 32116 32121
17597 17602 17494
17602 17502 17494
17450 17451 17444
17461 17463 17456
17456 17464 17567
17505 17499 17527
17499 17526 17527
17526 17492 17527
17492 17500 17527
17603 17500 17598
17500 17492 17598
17501 32122 32123
32124 32122 17501
17501 17599 32124
17504 17509 17600
17509 32125 17600
17503 17508 17504
17508 17509 17504
17505 17510 17601
17510 17604 17601
17602 17605 17502
17605 17507 17502
17510 17505 17528
17505 17527 17528
17527 17500 17528
17500 17506 17528
17606 17506 17603
17506 17500 17603
17509 32126 32125
17508 32126 17509
17507 17513 17508
17510 17514 17604
17514 17607 17604
17605 17608 17507
17608 17513 17507
17514 17510 17512
17510 17528 17512
17511 17512 17506
17512 17528 17506
17546 17511 17606
17511 17506 17606
17513 32127 32128
32129 32130 17607
17607 17514 32129
32131 32127 17513
17513 17608 32131
17508 32132 32126
17513 32128 17508
17501 32123 17495
17609 32133 32115
32115 17539 17609
32134 17421 32115
17428 32134 32135
17429 32136 32114
17434 32137 32138
32139 17425 32140
32139 17423 17425
32141 17422 32139
17434 32114 32137
17531 17433 17434
32140 17425 17531
32139 17422 17423
17430 17431 17530
17431 17515 17530
17511 32120 32142
32142 32118 17512
17512 17511 32142
32129 17514 32118
32128 32132 17508
32123 32117 17495
17420 17421 32134
17420 32134 17428
17429 17428 32135
17610 17540 17420
17540 17421 17420
17541 17611 17515
17541 17515 17516
17427 17541 17516
17426 17427 17516
32140 17531 32138
17423 17517 17424
17517 17417 17424
17531 17434 32138
17612 17610 17529
17610 17420 17529
17613 17612 17530
17612 17529 17530
17530 17515 17613
17515 17611 17613
17614 32143 32144
32133 17609 32144
17609 17614 32144
32141 17553 17422
17429 32135 32136
32145 32146 32147
17434 17433 17536
17507 17508 17503
17502 17507 17503
17502 17503 17497
17494 17502 17497
17494 17497 17489
17486 17494 17489
17486 17489 17481
17478 17486 17481
17478 17481 17473
17470 17478 17473
17470 17473 17465
17462 17470 17465
17462 17465 17457
17455 17462 17457
17455 17457 17450
17448 17455 17450
17448 17450 17532
17532 17442 17448
17442 17532 17533
17438 17442 17533
17438 17533 17534
17418 17438 17534
17418 17534 17535
17432 17418 17535
17536 17432 17535
17536 17433 17432
32148 32149 17626
32149 32150 17626
32151 32152 17615
32153 32151 32154
32155 32154 17615
32154 32151 17615
17615 32152 17616
32152 32156 17616
32157 32155 17616
32155 17615 17616
17616 32156 17617
32156 32158 17617
32159 32157 17617
32157 17616 17617
17617 32158 17618
32158 32160 17618
32161 32159 17618
32159 17617 17618
17618 32160 17619
32160 32162 17619
32163 32161 17619
32161 17618 17619
32162 32164 17630
17620 32165 17619
32165 32163 17619
17630 32164 17631
32164 32166 17631
32167 32165 17629
17631 32166 17632
32166 32168 17632
17628 32169 17629
32169 32167 17629
17632 32168 17633
32168 32170 17633
17627 32171 17628
32171 32169 17628
17633 32170 17624
32170 32172 17624
17626 32150 17627
32150 32171 17627
32173 17625 17624
17624 32174 32173
32175 32174 17624
32172 32175 17624
32172 32176 32175
17626 17625 32148
17625 32173 32148
17627 17623 17626
17623 17625 17626
17628 17622 17627
17622 17623 17627
17629 17621 17628
17621 17622 17628
32165 17620 17629
17620 17621 17629
17630 17620 32162
17620 17619 32162
17631 17621 17630
17621 17620 17630
17632 17622 17631
17622 17621 17631
17633 17623 17632
17623 17622 17632
17624 17625 17633
17625 17623 17633
32177 17653 32178
32179 17636 32177
17636 17653 32177
32180 17637 32179
17637 17636 32179
32181 17638 32180
17638 17637 32180
32182 17651 32183
32184 17652 32182
17652 17651 32182
32185 17634 32184
17634 17652 32184
32186 17635 32185
17635 17634 32185
32186 32187 32188
32189 17639 32181
17639 17638 32181
32190 17640 32189
17640 17639 32189
32183 17641 32190
17641 17640 32190
17635 17645 17634
17645 17644 17634
32191 32192 17635
32192 17645 17635
32191 17635 32188
17635 32186 32188
17636 17637 32193
17637 32194 32193
17638 32195 17637
32195 32194 17637
17639 32196 17638
32196 32195 17638
17640 32197 17639
32197 32196 17639
17650 32198 32197
32198 17650 32199
17650 17649 32199
17648 32200 17649
32200 32199 17649
17647 32201 17648
32201 32200 17648
17646 32202 17647
32202 32201 17647
32203 32204 17646
32204 32202 17646
32192 32203 17645
32203 17646 17645
17645 17646 17644
17646 17647 17644
17644 17647 17643
17647 17648 17643
17643 17648 17642
17648 17649 17642
17650 17641 17649
17641 17642 17649
17650 32197 17640
17641 17650 17640
17651 17642 32183
17642 17641 32183
17652 17643 17651
17643 17642 17651
17634 17644 17652
17644 17643 17652
32146 17653 32147
17653 32205 32147
17653 17636 32205
17636 32193 32205
32206 32207 32208
32207 32206 32209
32210 32211 32212
32211 32210 32213
32209 32214 32215
32214 32209 32206
32216 32215 32214
32215 32216 32217
32212 32217 32216
32217 32212 32211
32208 32218 32219
32218 32208 32207
32220 32221 32222
32221 32220 32223
32221 32224 32222
32224 32221 32225
32225 32226 32224
32226 32225 32227
32227 32228 32226
32228 32227 32229
32229 32230 32228
32230 32229 32231
32231 32232 32233
32233 32234 32235
32234 32233 32232
32235 32236 32237
32236 32235 32234
32237 32238 32239
32238 32237 32236
32239 32240 32241
32240 32239 32238
32231 32233 32230
32219 32223 32220
32223 32219 32218
32242 32243 32244
32243 32242 32245
32244 32213 32210
32213 32244 32243
32246 32247 32248
32247 32246 32249
32250 32251 32252
32251 32250 32253
32254 32247 32249
32247 32254 32255
32256 32255 32254
32255 32256 32257
32256 32258 32257
32258 32256 32259
32259 32260 32258
32260 32259 32261
32262 32263 32261
32263 32260 32261
32262 32264 32263
32264 32262 32265
32265 32266 32264
32266 32265 32267
32267 32268 32266
32268 32267 32269
32269 32270 32268
32270 32269 32271
32271 32272 32270
32272 32271 32273
32273 32274 32272
32274 32273 32275
32275 32252 32274
32252 32275 32250
17661 17654 17782
17654 17661 17655
17656 17661 17662
17661 17656 17655
17656 17717 17716
17669 17668 17680
17782 17784 17783
17662 17718 17717
17783 17661 17782
17730 17665 17731
17665 17675 17731
17748 32276 32277
32276 17748 17747
17723 17674 17672
17672 17671 17723
17768 17781 17721
17718 17662 17719
17681 17732 32278
32278 32279 17681
17768 17784 17781
17784 17768 17783
17717 17656 17662
17680 17668 17658
17771 17719 17678
17684 17732 17681
17732 17684 17733
17683 17682 17673
17719 17662 17678
17670 17751 17770
17751 17670 17734
17659 17660 17776
17785 17655 17786
17655 17785 17654
17786 17656 17688
17656 17786 17655
17715 17656 17716
17669 17657 17704
17780 17785 17786
17688 17715 17714
17693 17686 17746
17786 17688 17702
17690 17727 17726
17726 17699 17690
17691 17728 17743
17728 17744 17743
17728 17691 17729
17691 17666 17729
17737 17762 17738
17762 17694 17738
17698 17697 17696
17697 17695 17696
17710 17761 17760
17713 17688 17714
32280 17725 17724
17725 32280 32281
17780 17702 17687
17715 17688 17656
17686 17693 17704
17709 17703 17742
17712 17702 17713
17707 17705 17706
17713 17702 17688
17702 17712 17711
32282 32283 17754
17678 17662 17661
17694 17762 32284
17767 32285 17711
17714 17724 17713
17724 17714 32280
17690 17699 32286
17743 17714 17715
17716 17691 17715
17691 17716 17666
17717 17747 17778
17718 32276 17747
17665 32287 17675
32279 17718 17681
17718 17719 17681
17771 17684 17681
17681 17719 17771
32288 17720 17769
17771 32289 17770
17676 17722 17756
17677 17663 32290
17663 17667 32290
17682 17722 17676
17680 17657 17669
17679 17683 17673
32291 17753 17752
17753 32291 32292
17692 17689 17700
17689 17701 17700
32293 17755 32294
17704 17693 17669
17709 17707 17706
17706 17703 17709
17742 17741 17709
17683 17722 17682
32295 32288 17769
17769 17735 32295
17750 32296 32297
32296 17750 17749
17746 17745 17693
17711 17687 17702
17712 17724 17708
17724 17712 17713
17708 17725 17739
17725 17708 17724
32298 32282 17760
17760 17759 32298
17738 17695 17737
17695 32299 17737
17739 17709 17741
17741 17740 17739
17707 17739 17725
17739 17707 17709
32281 17707 17725
17707 32281 32294
17727 17692 17726
17692 17700 17726
17744 17728 17745
17728 17693 17745
17669 17693 17728
17728 17729 17669
17749 32277 32296
32277 17749 17748
17731 32290 17667
17667 17730 17731
17676 32278 17682
32278 17732 17682
17733 17682 17732
17682 17733 17673
17752 17734 32291
17734 17752 17751
17671 32295 17735
17735 17723 17671
17736 17775 17774
17775 17736 17659
32285 17740 32300
17740 32285 17767
32300 17741 32301
17741 32300 17740
17742 32301 17741
32301 17742 32302
17715 17691 17743
17780 17786 17702
17705 17707 32294
32303 17714 17743
32303 17744 32304
17744 32303 17743
32304 17745 32305
17745 32304 17744
17746 32305 17745
32305 17746 32306
17717 17718 17747
17748 17779 17747
17779 17778 17747
17668 17779 17749
17779 17748 17749
17750 17658 17668
17668 17749 17750
17751 17733 17684
17684 17770 17751
17752 17673 17733
17733 17751 17752
17753 17679 17673
17673 17752 17753
17710 17760 32282
32282 17754 17710
17755 17705 32294
32307 17676 17756
17685 17757 32308
32309 32308 17757
17758 17687 17711
17759 17763 17758
17763 17759 17764
17764 17760 17765
17760 17764 17759
17761 17766 17765
32310 17758 17711
32310 32298 17759
17759 17758 32310
17758 17763 17687
17761 17765 17760
17740 17767 17708
17708 17739 17740
17712 17708 17767
17767 17711 17712
17783 17678 17661
17777 17678 17783
17771 17678 17777
17768 17721 17772
17774 17664 17736
17664 17774 17773
17773 17721 17664
17721 17773 17772
32289 17670 17770
17770 17684 17771
17783 17768 17777
17772 32289 17777
17773 32311 32289
32289 17772 17773
32311 17773 17774
17774 32312 32311
32312 17774 17775
17775 32308 32312
32308 17775 17685
17776 17685 17775
17659 17776 17775
32289 17771 17777
17777 17768 17772
17717 17666 17716
17666 17717 17778
17729 17666 17778
17778 17779 17729
17669 17729 17779
17779 17668 17669
