byte offset: 0
first index: 0
index count: 4239
topology: trianglelist
format: DXGI_FORMAT_R16_UINT

0 1 2
1 0 3
4 2 1
2 4 5
6 5 4
5 6 7
8 7 6
7 8 9
10 9 8
9 10 11
10 12 11
12 10 13
14 12 13
12 14 15
16 15 14
15 16 17
18 17 16
17 18 19
18 20 19
20 18 21
22 20 21
23 24 25
3 24 23
24 3 0
26 27 28
29 28 27
30 29 27
30 27 31
27 32 31
32 27 33
33 34 32
34 33 35
35 36 34
36 35 37
37 38 36
38 37 39
39 40 38
40 39 41
30 42 29
42 30 43
28 29 44
42 44 29
44 42 45
42 46 45
46 42 47
48 45 46
44 45 48
49 44 48
48 50 49
44 49 28
49 51 28
51 52 28
28 52 26
53 26 52
26 53 54
53 55 54
55 53 56
56 57 55
57 56 58
58 59 57
59 58 60
61 59 60
52 51 62
62 63 52
63 62 64
64 65 63
65 64 66
66 67 65
67 66 68
68 69 67
69 68 70
70 71 69
71 70 72
73 71 72
74 75 76
76 41 74
41 76 40
77 78 79
79 80 77
43 77 80
79 47 80
80 47 42
80 42 43
79 81 47
47 81 82
47 82 46
82 83 46
83 82 84
85 46 83
85 83 86
85 87 46
88 86 83
83 84 88
86 88 89
89 90 86
89 91 90
91 89 92
91 92 93
94 93 92
95 93 94
96 95 94
48 46 87
97 50 48
98 99 100
99 98 101
100 102 98
102 100 103
103 104 102
104 103 105
105 106 104
106 105 107
101 108 99
108 101 109
110 108 109
106 107 111
106 111 112
112 111 113
112 113 114
112 114 115
115 116 112
117 112 116
116 118 117
118 119 117
119 118 120
120 121 119
121 120 122
122 123 121
123 122 124
125 123 124
125 124 126
126 127 125
128 127 126
127 128 129
128 130 129
130 128 131
132 130 131
133 134 135
134 133 136
134 137 135
137 134 138
138 139 137
139 138 140
140 141 139
141 140 142
142 143 141
143 142 144
144 145 143
145 144 146
147 136 133
133 135 148
146 149 145
149 146 150
150 151 149
152 153 154
152 154 155
156 152 155
152 156 157
158 157 156
157 158 159
160 159 158
159 160 161
162 161 160
161 162 163
164 163 162
116 115 165
115 166 165
166 115 167
168 167 115
168 169 167
114 168 115
166 167 170
170 167 171
167 172 171
167 173 172
169 173 167
170 174 166
175 176 177
177 178 175
179 175 178
178 180 179
181 177 176
176 182 181
180 183 179
183 184 179
185 186 187
186 185 188
189 188 185
188 189 190
191 187 186
187 191 192
191 193 192
194 190 189
190 194 195
196 195 194
196 194 197
198 199 200
199 201 200
201 199 202
202 203 201
203 202 204
204 205 203
205 204 206
206 207 205
207 206 208
208 209 207
53 209 208
209 53 52
210 211 212
210 213 211
213 210 214
215 213 214
212 216 210
212 217 216
217 218 216
218 217 219
220 218 219
219 221 220
221 219 222
222 223 221
223 222 224
224 225 223
225 224 226
226 227 225
227 226 228
229 227 228
230 231 232
233 231 230
234 235 236
235 234 237
238 237 234
237 238 239
240 239 238
239 240 241
242 241 240
235 243 236
243 235 244
244 245 243
245 246 243
247 248 249
247 250 248
250 247 251
252 250 251
250 252 253
254 253 252
253 254 255
247 249 256
256 249 257
258 255 254
255 258 259
260 259 258
257 249 261
249 262 261
262 263 261
264 262 249
262 264 265
262 265 266
266 267 262
268 262 267
262 268 263
268 267 269
270 268 269
271 270 269
268 270 272
273 268 272
268 273 263
274 263 273
275 263 274
276 275 274
275 276 277
278 277 276
277 278 279
280 279 278
279 280 281
282 281 280
271 269 283
283 284 271
284 283 285
285 283 286
285 286 287
286 288 287
288 286 289
289 290 288
289 291 290
289 292 291
291 293 290
294 290 293
290 294 288
284 285 295
269 286 283
296 286 269
289 286 296
293 297 294
293 298 297
298 299 297
267 296 269
296 267 266
296 266 300
296 300 289
292 289 301
301 302 292
303 302 301
303 301 304
305 303 304
305 306 303
305 307 306
307 305 308
307 308 309
309 310 307
310 309 311
312 313 314
315 314 313
314 315 316
317 316 315
316 317 318
247 318 317
318 247 319
319 247 256
320 321 322
321 320 323
324 321 323
322 325 320
325 322 326
326 327 325
327 326 328
328 329 327
329 328 330
331 332 333
331 333 334
332 335 333
332 336 335
336 337 335
337 336 338
338 339 337
339 338 340
340 341 339
341 340 342
342 343 341
343 342 344
345 343 344
346 347 348
348 349 346
350 346 349
351 348 347
348 351 352
353 352 351
353 351 354
351 355 354
355 351 347
347 356 355
346 356 347
357 358 359
358 360 359
361 357 359
362 357 361
249 248 264
363 364 365
363 366 364
367 364 366
367 368 364
369 368 367
370 369 367
371 369 370
372 373 374
375 373 372
373 375 376
377 378 379
378 377 380
377 381 380
380 381 382
380 382 383
382 384 383
379 378 385
386 385 378
378 387 386
388 385 386
388 379 385
389 390 391
390 389 392
391 393 389
393 391 394
394 395 393
395 394 396
397 395 396
395 397 398
399 398 397
398 399 400
400 399 401
401 402 400
403 390 392
404 402 401
402 404 405
404 406 405
407 408 409
408 407 410
410 411 408
411 410 412
409 413 407
413 409 414
412 415 411
415 412 416
416 417 415
413 414 418
413 418 419
418 420 419
421 422 423
423 424 421
424 423 425
425 426 424
426 425 427
427 428 426
428 427 429
429 430 428
430 429 431
422 421 432
432 433 422
433 432 434
434 435 433
435 434 436
436 437 435
437 436 438
430 431 439
438 440 437
440 438 441
442 440 441
443 444 445
446 447 448
449 446 448
446 449 450
451 450 449
450 451 452
453 452 451
452 453 454
454 453 455
453 456 455
457 455 456
455 457 458
459 460 461
460 462 461
461 463 459
464 459 463
459 464 465
465 464 466
465 466 467
467 466 468
469 467 468
470 468 466
468 471 469
469 471 472
473 461 462
474 473 462
475 473 474
473 475 476
475 477 476
478 479 480
479 478 481
482 480 479
480 482 483
483 484 480
484 483 485
486 481 478
486 478 487
487 480 484
480 487 478
481 486 488
489 483 482
483 489 490
490 485 483
489 491 490
490 491 492
485 490 492
493 488 486
486 494 493
495 493 494
494 496 495
496 497 495
498 495 497
495 498 499
499 500 495
500 499 501
502 501 499
501 502 503
504 500 501
505 501 503
501 505 506
501 506 504
506 507 504
504 507 508
509 508 507
508 509 510
511 510 509
510 511 512
513 512 511
512 513 514
507 515 509
515 507 516
507 506 516
516 517 515
517 516 518
506 518 516
518 506 505
519 515 517
515 519 520
509 520 511
520 509 515
521 520 519
520 521 522
522 511 520
511 522 513
523 522 521
522 523 524
524 513 522
523 525 524
525 526 524
526 514 513
513 524 526
526 525 527
514 526 527
528 518 505
503 528 505
528 503 529
528 529 530
502 529 503
529 502 531
531 530 529
530 531 532
533 531 502
499 533 502
533 499 498
531 533 534
535 531 534
531 535 532
536 535 534
535 536 537
538 533 498
538 498 497
497 539 538
538 539 540
533 538 541
541 534 533
534 541 536
537 536 542
543 540 539
543 539 544
544 539 497
545 544 497
497 496 545
546 545 496
496 547 546
546 547 548
547 496 494
545 546 549
546 548 550
546 550 549
551 550 548
552 551 548
547 552 548
551 552 553
553 554 551
554 553 555
556 551 554
551 556 557
550 551 557
549 558 545
558 549 559
549 560 559
557 560 550
549 550 560
561 557 556
556 562 561
563 561 562
562 564 563
565 564 562
562 566 565
567 561 563
557 561 567
560 557 567
560 567 568
560 568 559
567 569 568
567 563 569
565 570 564
570 565 571
564 572 563
572 564 570
572 569 563
573 568 569
569 572 573
568 573 574
559 568 574
559 574 575
570 576 572
576 570 577
577 570 578
571 578 570
577 578 579
572 580 573
580 572 576
579 581 577
579 582 581
583 582 579
582 583 584
585 584 583
584 585 586
587 585 583
579 587 583
585 587 588
589 588 587
590 589 587
587 579 590
589 590 591
588 589 592
591 593 589
593 592 589
593 591 594
594 595 593
595 594 596
595 597 593
592 593 597
597 595 598
596 599 595
599 598 595
599 596 600
600 601 599
599 601 602
598 599 602
508 603 504
500 504 603
603 604 500
495 500 604
605 606 607
606 605 608
609 605 607
605 609 610
611 607 606
607 611 612
607 613 609
613 607 612
612 614 613
614 612 615
615 616 614
616 615 617
615 618 617
618 615 619
612 619 615
619 612 611
617 620 616
620 617 621
618 621 617
621 622 620
622 621 623
624 623 621
621 618 624
623 624 625
625 626 623
626 625 627
628 623 626
623 628 622
627 629 626
629 627 630
631 626 629
626 631 628
630 632 629
632 630 633
634 629 632
629 634 631
633 635 632
635 634 632
635 633 636
634 635 637
636 638 635
638 637 635
638 636 639
637 638 640
639 641 638
641 640 638
641 639 642
640 641 643
644 641 642
641 644 645
646 641 645
641 646 643
647 645 644
645 647 648
649 645 648
645 649 646
650 648 647
648 650 651
651 649 648
650 652 651
651 652 653
649 651 653
654 655 656
654 656 657
657 658 654
659 658 657
658 659 660
661 658 660
658 661 662
654 658 662
662 663 654
608 660 659
660 608 605
610 660 605
660 610 661
654 663 664
665 666 667
666 665 668
669 665 667
670 669 667
671 669 670
672 671 670
673 671 672
673 674 671
669 671 674
674 673 675
672 676 673
677 673 676
678 673 677
673 678 675
678 679 675
678 680 679
678 681 680
681 678 682
682 678 677
683 680 681
680 683 684
684 685 680
680 685 679
685 684 686
687 686 684
686 687 688
688 689 686
686 689 690
690 685 686
689 688 691
684 692 687
692 684 683
693 688 687
688 693 694
694 691 688
691 694 695
687 696 693
696 687 692
697 694 693
694 697 698
698 695 694
695 698 699
693 700 697
700 693 696
698 701 699
701 698 702
703 701 702
702 704 703
704 702 705
698 705 702
705 698 697
701 703 706
705 707 704
707 705 708
697 708 705
708 697 700
709 703 704
703 709 710
710 706 703
706 710 711
712 704 707
704 712 709
713 710 709
713 709 712
710 713 714
714 711 710
715 714 713
714 715 716
711 714 717
716 717 714
715 718 716
718 719 716
717 716 719
699 720 721
720 699 722
723 721 720
721 723 724
722 725 720
725 722 726
727 720 725
720 727 723
728 725 726
725 728 729
730 725 729
725 730 727
731 729 728
729 731 732
733 729 732
729 733 730
734 732 731
732 734 735
736 732 735
732 736 733
737 735 734
735 737 738
739 735 738
735 739 736
740 738 737
738 740 741
742 741 740
741 742 743
743 738 741
738 743 739
744 724 745
744 745 746
747 746 745
745 748 747
749 747 748
747 749 750
750 689 747
689 750 690
747 691 746
691 747 689
695 746 691
746 695 744
695 721 744
744 721 724
721 695 699
751 748 745
748 751 752
745 753 751
753 754 751
755 754 753
755 756 754
755 757 756
757 758 756
759 758 757
759 760 758
760 761 758
761 760 762
759 763 760
764 762 760
760 763 764
765 752 751
752 765 766
752 766 767
767 768 752
748 752 768
768 749 748
768 769 749
749 769 770
750 749 770
771 750 770
750 771 690
769 772 770
772 769 773
772 773 774
770 775 771
775 770 776
776 777 775
777 776 778
674 775 777
775 674 675
675 771 775
771 675 679
771 685 690
685 771 679
778 779 777
779 778 780
780 781 779
781 780 782
783 781 782
781 783 784
669 779 781
777 669 674
669 777 779
668 781 784
781 668 665
669 781 665
785 784 783
784 785 786
668 784 786
787 786 785
786 787 788
789 786 788
668 786 789
788 787 790
666 668 789
788 790 791
791 792 788
792 789 788
790 793 791
794 795 793
796 795 794
793 797 794
793 798 797
798 799 797
798 800 799
800 801 799
800 802 801
802 800 803
803 804 802
802 804 805
806 805 804
804 807 806
807 804 808
803 808 804
808 809 807
810 807 809
806 807 810
809 811 810
812 810 811
810 812 813
810 813 814
815 813 812
813 815 816
817 814 813
813 816 817
818 816 815
816 818 819
820 817 816
816 819 820
821 811 809
810 814 822
809 808 823
821 809 823
821 823 824
825 821 824
821 825 826
811 826 812
826 811 821
827 826 825
826 827 828
829 828 827
830 829 827
828 829 831
823 832 824
832 823 833
833 823 834
808 834 823
833 835 832
833 836 835
837 836 833
838 824 832
832 835 838
838 825 824
839 825 838
839 827 825
840 827 839
774 838 835
839 838 774
773 839 774
839 769 840
769 839 773
769 768 840
841 840 768
840 841 827
768 767 841
837 833 842
833 834 842
842 843 837
844 842 834
842 844 843
834 803 844
844 803 800
803 834 808
845 843 844
800 845 844
843 845 846
798 846 845
800 798 845
847 848 849
848 850 849
850 848 851
847 849 852
853 847 852
847 853 854
855 854 853
854 855 856
857 856 855
856 857 858
859 858 857
860 861 862
860 862 863
862 864 863
864 865 863
864 866 865
863 865 867
867 860 863
860 867 868
869 868 867
868 869 870
860 871 861
871 860 872
868 872 860
872 873 871
873 872 874
875 874 872
872 868 875
874 875 876
874 877 873
877 874 878
876 878 874
878 876 879
880 879 876
876 881 880
881 876 882
870 882 868
882 870 881
879 880 883
878 586 877
586 878 584
879 584 878
584 879 582
582 879 883
884 880 881
881 885 884
885 881 870
870 886 885
886 870 869
869 887 886
887 869 888
867 888 869
888 867 865
865 889 888
889 865 866
890 888 889
888 890 887
891 890 889
892 891 889
889 866 892
891 892 893
892 894 893
894 895 893
556 896 897
556 897 562
897 566 562
898 899 900
899 898 901
902 900 899
900 902 903
904 903 902
903 904 905
906 905 904
905 906 907
900 908 898
908 900 909
903 909 900
909 910 908
910 909 911
912 911 909
909 903 912
905 912 903
911 912 913
914 913 912
912 905 914
907 914 905
907 915 914
913 914 915
915 907 916
917 916 907
906 917 907
916 917 918
917 919 918
919 917 920
917 906 920
921 908 910
908 921 922
552 922 921
921 553 552
553 921 923
924 923 921
924 925 923
925 924 926
927 926 924
927 924 928
921 928 924
928 929 927
926 927 930
931 930 927
930 931 932
927 933 931
933 927 929
934 931 933
931 934 935
935 932 931
936 935 934
935 936 937
937 938 935
932 935 938
938 937 939
940 939 937
936 940 937
555 923 925
923 555 553
941 942 943
942 941 944
944 945 942
945 944 946
946 947 945
947 946 948
943 949 941
948 950 947
950 948 951
951 952 950
952 951 953
952 953 954
955 956 829
957 956 955
956 957 958
958 959 956
959 958 960
960 961 959
961 960 962
962 963 961
963 962 964
964 965 963
965 964 966
967 966 964
968 966 967
966 968 965
969 968 967
968 969 970
969 967 971
964 971 967
971 972 969
971 973 972
973 971 974
964 974 971
974 964 962
969 975 970
974 976 973
976 974 977
962 977 974
976 977 978
978 979 976
979 978 980
980 981 979
980 982 981
982 980 983
984 983 980
980 985 984
986 979 981
979 986 987
986 988 987
988 986 989
986 990 989
990 986 991
981 991 986
991 981 982
990 992 989
992 990 993
993 994 992
995 992 994
992 995 996
996 989 992
989 996 988
994 993 997
995 994 998
998 994 997
957 999 984
957 955 999
999 955 830
955 829 830
980 958 957
958 980 978
978 960 958
960 978 977
977 962 960
831 829 956
831 956 959
959 818 831
815 831 818
831 815 828
812 828 815
828 812 826
818 959 961
961 819 818
819 961 963
820 819 963
965 820 963
1000 1001 975
975 1002 1000
1003 1000 1002
1000 1003 1004
1004 1005 1000
1005 1006 1000
1006 1001 1000
1002 975 1007
975 969 1007
969 1008 1007
1009 1007 1008
1008 1010 1009
1010 1008 1011
1007 1009 1012
1011 1013 1010
1013 1011 1014
1014 1015 1013
1015 1014 1016
1017 1012 1009
1012 1017 1018
1019 1018 1017
1018 1019 1020
1021 1019 1017
1021 1022 1019
1022 1021 1023
1019 1022 1024
1019 1024 1020
1023 1025 1022
1025 1023 1026
1026 1027 1025
1027 1026 1028
1028 1029 1027
1027 1029 1030
1025 1027 1030
1030 1031 1025
1022 1025 1032
1031 1032 1025
1022 1032 1024
1017 1033 1021
1034 1033 1035
1035 1036 1034
1035 1037 1036
1013 1037 1035
1013 1035 1033
1033 1010 1013
1033 1009 1010
1009 1033 1017
1037 1013 1015
1038 1034 1036
1034 1038 1039
1040 1039 1038
1041 1042 1043
1044 1041 1043
1041 1044 1045
1045 1046 1041
1046 1045 1047
1046 1048 1041
1048 1042 1041
1048 1046 1049
1047 1050 1046
1049 1046 1050
1050 1047 1051
1051 1052 1050
1052 1051 1053
1052 1054 1050
1054 1049 1050
1054 1052 1055
1053 1056 1052
1056 1053 1057
1057 1058 1056
1058 1057 1059
1052 1060 1055
1060 1052 1056
1059 1061 1058
1061 1062 1058
1056 1062 1060
1062 1056 1058
1048 1063 1042
1063 1064 1042
1042 1064 1065
1064 1066 1065
1064 1067 1066
1042 1065 1043
1066 1004 1065
1004 1043 1065
1004 1066 1005
1068 1005 1066
1067 1068 1066
1069 1068 1067
1067 1070 1069
1069 1071 1068
1071 1072 1068
1005 1068 1072
1071 1073 1072
1072 1006 1005
1006 1072 1074
1074 1072 1073
1074 1075 1006
1001 1006 1075
1076 1001 1075
1001 1076 1077
1077 1076 1078
1075 1074 1079
1075 1079 1080
1081 1080 1079
1074 1081 1079
1080 1081 1082
1081 1083 1082
1082 1083 1084
1080 1082 1084
1083 1081 1085
1081 1074 1086
1086 1085 1081
1086 1074 1073
1085 1086 1087
1078 970 1077
970 1078 968
1077 975 1001
975 1077 970
1088 1087 1086
1087 1088 1089
1090 1089 1088
1071 1090 1088
1091 1089 1090
1088 1086 1073
1071 1088 1073
1092 1093 1094
1095 1094 1093
1094 1095 1096
1097 1096 1095
1096 1097 1098
1098 1097 1099
1100 1098 1099
1101 1100 1099
1100 1101 1102
1103 1102 1101
1104 1105 1106
1105 1104 1107
1107 1108 1105
1108 1107 1109
1108 1109 1110
1111 1108 1110
1111 1110 1112
1106 1113 1104
1114 1115 1116
1115 1114 1117
1118 1114 1116
1114 1118 1119
1117 1114 1120
1119 1121 1114
1120 1114 1121
1121 1119 1122
1122 1123 1121
1123 1122 1124
1123 1124 1125
1124 1126 1125
1125 1126 1127
1126 1070 1127
1063 1125 1127
1063 1123 1125
1123 1063 1128
1121 1128 1120
1128 1121 1123
1063 1129 1128
1129 1063 1048
1128 1130 1120
1130 1128 1129
1130 1117 1120
1070 1067 1127
1127 1067 1064
1063 1127 1064
1131 1132 1133
1132 1131 1134
1131 1135 1134
1135 1131 1136
1137 1131 1133
1131 1137 1136
1134 1138 1132
1138 1134 1139
1139 1140 1138
1140 1139 1141
1139 1142 1141
1142 1139 1143
1143 1134 1135
1134 1143 1139
1144 1141 1142
1141 1144 1145
1146 1140 1141
1146 1141 1145
1115 1147 1116
1116 1147 1118
1148 751 754
751 1148 765
756 1148 754
1148 756 1149
758 1149 756
1149 758 761
976 1016 1014
1016 976 979
1014 973 976
973 1014 1011
1011 972 973
972 1011 1008
1008 969 972
1007 1150 1002
1003 1002 1150
1150 1151 1003
1043 1003 1151
1043 1004 1003
1151 1044 1043
545 558 544
558 1152 544
1152 558 575
558 559 575
575 574 1153
573 1153 574
1153 573 580
1153 580 1154
1154 580 576
577 1154 576
1154 577 581
581 1155 1154
1155 581 883
883 1156 1155
1156 883 880
880 884 1156
581 582 883
922 552 547
547 1157 922
1157 547 494
1157 494 486
898 922 1157
922 898 908
1157 901 898
901 1157 486
810 822 806
1158 1159 1160
