byte offset: 0
first index: 0
index count: 14517
topology: trianglelist
format: DXGI_FORMAT_R16_UINT

0 1 2
1 0 3
4 1 3
1 4 5
6 4 3
4 6 7
8 7 6
7 8 9
9 10 7
10 9 11
7 12 4
12 7 10
12 5 4
11 13 10
13 12 10
13 11 14
12 13 15
14 16 13
16 14 17
13 18 15
18 13 16
18 19 15
18 20 19
20 18 21
16 21 18
21 22 20
22 21 23
23 24 22
24 23 25
26 24 25
24 26 27
17 28 16
21 16 28
28 23 21
28 17 29
29 30 28
23 28 30
30 25 23
30 29 31
31 32 30
25 30 32
32 26 25
32 31 33
33 34 32
26 32 34
34 33 35
36 27 26
34 36 26
27 36 37
38 37 36
37 38 39
40 39 38
39 40 41
42 41 40
41 42 43
44 43 42
43 44 45
46 45 44
45 46 47
48 47 46
47 48 49
48 50 49
50 48 51
52 38 36
38 52 53
52 54 53
54 52 55
42 56 44
56 42 57
44 58 46
58 44 56
59 46 58
46 59 48
48 60 51
60 48 59
61 51 60
51 61 62
51 63 50
63 51 62
34 55 52
36 34 52
55 34 35
64 62 61
64 65 62
62 65 63
66 65 64
65 66 67
68 67 66
57 69 70
69 57 71
71 72 69
72 71 73
73 54 72
54 73 53
53 73 38
40 38 73
71 40 73
57 40 71
40 57 42
70 74 57
74 70 75
76 74 75
74 76 77
78 77 76
77 78 79
80 79 78
79 80 81
82 81 80
81 82 83
84 83 82
83 84 85
86 85 84
85 86 87
88 87 86
89 90 91
90 89 92
93 91 90
91 93 94
95 92 89
92 95 96
95 97 96
95 98 97
98 99 97
99 98 100
98 101 100
101 102 100
101 103 102
103 101 104
105 103 104
106 94 93
107 108 109
108 107 110
110 111 108
111 110 112
112 113 111
113 112 114
114 115 113
115 114 116
116 117 115
117 116 118
118 119 117
119 118 120
120 121 119
121 120 122
121 122 123
107 109 124
107 124 125
126 125 124
125 126 127
128 107 125
128 129 107
129 128 130
130 131 129
131 130 132
132 133 131
133 132 134
134 135 133
135 134 136
136 137 135
137 136 138
139 137 138
127 126 140
127 140 141
140 142 141
143 141 142
141 143 144
145 146 147
146 145 148
146 149 147
149 146 150
150 151 149
151 150 152
152 153 151
153 152 154
154 155 153
155 154 156
156 157 155
157 156 158
158 159 157
159 158 160
160 161 159
145 162 148
163 164 165
165 166 163
166 165 167
164 168 165
164 169 168
169 164 170
171 169 170
169 171 172
173 172 171
172 173 174
175 174 173
174 175 176
177 176 175
176 177 178
179 178 177
178 179 180
179 181 180
167 182 166
183 184 185
186 187 183
188 187 186
188 189 187
190 189 188
189 190 191
192 191 190
191 192 193
192 194 193
194 192 195
195 196 194
196 195 197
198 196 197
199 200 201
200 199 202
203 200 202
200 203 204
205 204 203
204 205 206
207 206 205
206 207 208
209 208 207
208 209 210
211 210 209
199 201 212
213 214 215
214 213 216
217 215 214
215 217 218
216 219 214
219 216 220
221 218 217
218 221 222
223 214 219
223 217 214
220 224 219
225 219 224
224 220 226
226 227 224
227 226 228
228 6 227
3 227 6
227 3 0
0 224 227
6 228 8
224 0 229
229 225 224
2 229 0
229 2 230
229 231 225
231 229 230
232 225 231
223 232 233
232 223 234
225 232 234
225 234 219
234 223 219
233 217 223
217 233 221
235 236 237
236 235 238
238 239 236
239 238 240
240 241 239
241 240 242
242 243 241
243 242 244
244 245 243
245 244 246
246 247 245
247 246 248
248 249 247
249 248 250
250 251 249
237 252 235
253 252 254
252 253 255
252 237 254
256 255 253
255 256 257
258 257 256
257 258 259
259 258 260
259 260 261
261 260 262
260 263 262
218 264 265
264 218 222
218 265 266
267 218 266
267 215 218
268 215 267
268 213 215
5 12 269
15 269 12
269 15 270
19 270 15
270 19 271
272 271 19
20 272 19
271 272 273
22 272 20
272 22 274
274 273 272
273 274 275
24 274 22
274 24 276
276 275 274
275 276 277
27 276 24
276 27 278
278 277 276
277 278 279
27 280 278
280 279 278
280 27 37
279 280 281
37 282 280
282 281 280
282 37 39
281 282 283
39 284 282
284 283 282
284 39 41
283 284 285
43 284 41
284 43 286
286 285 284
285 286 287
288 286 43
286 288 289
289 287 286
287 289 290
291 289 288
289 291 292
292 290 289
290 292 293
294 292 291
292 294 295
295 293 292
293 295 296
297 295 294
295 297 298
298 296 295
296 298 299
300 298 297
298 300 301
301 299 298
302 301 300
302 303 301
299 301 303
304 305 306
307 305 304
304 308 307
309 307 308
310 309 308
310 311 309
312 311 310
311 312 313
314 313 312
313 314 315
316 315 314
315 316 317
316 318 317
318 316 319
319 320 318
320 319 321
322 320 321
320 322 323
322 324 323
324 322 325
325 326 324
326 325 327
327 328 326
328 327 329
330 328 329
331 332 333
332 331 334
335 331 333
331 335 336
337 336 335
336 337 338
339 338 337
338 339 340
341 340 339
340 341 342
342 343 340
343 342 344
340 345 338
345 340 343
346 338 345
338 346 336
347 336 346
336 347 331
348 331 347
331 348 334
349 334 348
334 349 350
351 334 350
334 351 332
352 351 350
351 352 353
354 350 349
350 354 352
355 344 342
342 356 355
357 355 356
355 357 358
358 359 355
359 358 360
356 342 341
344 355 359
358 357 361
362 360 358
358 361 362
360 362 363
364 363 362
363 364 365
366 365 364
362 367 364
362 361 367
364 367 368
364 368 366
366 368 369
367 361 370
370 368 367
371 369 368
368 370 371
372 371 370
371 372 373
369 371 374
373 374 371
375 370 361
370 375 372
374 373 376
376 377 374
369 374 377
377 376 378
378 379 377
369 377 380
377 379 381
381 380 377
381 382 380
382 381 383
379 384 381
384 383 381
385 383 384
386 383 385
386 382 383
384 379 387
388 382 386
389 382 388
389 390 382
390 380 382
391 389 388
391 392 389
389 392 393
389 393 390
390 393 394
395 380 390
390 394 395
388 386 396
391 388 396
396 397 391
398 391 397
391 398 399
391 399 392
397 400 398
400 397 401
402 401 397
397 396 402
401 403 400
403 401 404
405 404 401
401 402 405
402 406 405
406 402 407
402 408 407
404 409 403
409 404 410
405 410 404
410 405 411
412 405 406
405 412 411
410 413 409
413 410 414
411 414 410
414 411 415
416 411 412
411 416 415
414 417 413
417 414 418
415 418 414
418 415 419
420 415 416
415 420 419
418 421 417
421 418 422
423 418 419
418 423 422
424 419 420
419 424 423
422 425 421
425 422 426
427 422 423
422 427 426
428 423 424
423 428 427
426 429 425
429 426 430
431 426 427
426 431 430
432 427 428
427 432 431
432 433 431
433 430 431
433 432 434
435 429 430
430 433 435
429 435 436
434 437 433
437 435 433
437 434 438
439 436 435
435 437 439
440 439 437
437 438 440
440 441 439
436 439 441
442 443 444
445 443 442
443 445 446
447 446 445
446 447 448
449 448 447
450 449 447
448 449 451
452 451 449
453 452 449
450 453 449
454 453 450
453 454 455
456 455 454
455 456 457
451 452 458
454 459 456
459 454 460
450 460 454
460 450 461
450 447 461
461 462 460
460 462 463
459 460 463
462 461 464
461 445 464
464 465 462
462 465 466
463 462 466
465 464 467
464 442 467
464 445 442
468 466 465
465 467 469
467 442 469
470 463 466
466 471 470
471 466 472
471 472 473
463 470 474
474 459 463
459 474 475
475 456 459
456 475 476
476 457 456
457 476 477
477 478 457
479 457 478
457 479 455
480 455 479
455 480 453
478 477 481
481 482 478
482 479 478
482 483 479
483 480 479
483 484 480
482 481 485
486 484 483
487 484 486
485 488 482
488 489 482
486 483 489
489 483 482
489 490 486
488 485 491
491 492 488
492 489 488
492 493 489
489 493 490
493 494 490
492 491 495
496 492 495
496 497 492
497 496 498
499 487 486
486 490 499
487 499 500
499 501 500
501 499 502
502 490 494
490 502 499
502 503 501
503 502 504
494 504 502
504 505 503
505 504 506
506 507 505
507 506 508
508 509 507
510 509 508
509 511 507
510 512 509
512 511 509
513 512 510
512 514 511
512 515 514
512 516 515
516 512 513
516 513 517
518 517 513
513 519 518
519 513 510
510 520 519
520 510 508
516 521 515
517 521 516
517 522 521
523 521 522
517 518 524
522 517 524
525 524 518
525 526 524
522 524 526
526 527 522
527 523 522
528 523 527
529 528 527
527 526 529
528 529 530
530 531 528
531 530 532
532 533 531
533 532 534
534 535 533
535 534 536
536 537 535
537 536 538
538 539 537
539 538 540
540 541 539
541 540 542
543 542 540
542 543 544
545 539 541
539 545 546
546 537 539
545 547 546
547 545 548
549 540 538
540 549 543
537 546 550
550 535 537
551 546 547
546 551 550
552 538 536
538 552 549
553 550 551
550 553 554
535 550 554
536 555 552
555 536 534
556 535 554
535 556 533
557 554 553
554 557 556
534 558 555
558 534 532
559 533 556
533 559 531
560 556 557
556 560 559
532 561 558
561 532 530
562 531 559
531 562 528
563 559 560
559 563 562
530 564 561
564 530 529
523 528 562
563 523 562
523 563 565
529 566 564
566 529 526
523 565 567
526 525 566
568 561 564
564 569 568
569 564 566
561 568 570
571 566 525
566 571 569
525 572 571
525 518 572
518 573 572
574 572 573
574 575 572
572 575 571
571 575 576
576 577 571
577 576 578
578 579 577
579 578 580
580 581 579
581 580 582
582 583 581
583 582 584
584 585 583
585 584 586
586 587 585
587 586 588
573 589 574
590 574 589
591 590 589
591 589 520
573 520 589
574 590 592
519 520 573
573 518 519
591 520 593
594 591 593
520 508 593
498 591 594
594 593 595
596 594 595
497 594 596
498 594 497
498 597 591
591 597 590
498 598 597
596 595 494
504 494 595
504 595 506
593 508 506
595 593 506
493 596 494
492 596 493
497 596 492
498 496 598
599 385 600
601 600 385
602 600 601
602 603 600
604 603 602
605 604 602
601 385 606
607 601 606
607 608 601
608 605 602
608 602 601
604 609 603
610 609 604
611 609 610
612 610 604
612 604 605
384 606 385
384 613 606
607 606 613
613 384 387
614 610 612
614 615 610
615 611 610
616 611 615
617 615 614
617 618 615
618 616 615
619 618 617
618 619 620
621 620 619
622 616 618
620 622 618
623 622 620
620 624 623
621 624 620
625 623 624
626 624 621
624 626 627
627 625 624
628 625 627
629 627 626
627 629 630
630 628 627
631 630 629
630 631 632
630 632 633
630 633 628
634 632 631
632 634 635
636 635 634
635 636 637
635 638 632
638 633 632
639 638 635
637 639 635
637 640 639
640 637 641
642 640 641
642 641 643
637 643 641
643 637 636
644 645 646
644 647 645
644 648 647
644 649 648
645 650 646
650 645 651
647 651 645
651 652 650
652 651 653
654 653 651
651 647 654
648 654 647
653 654 655
656 655 654
654 648 656
649 656 648
655 656 657
656 658 657
658 656 659
656 649 659
653 660 652
660 653 661
655 661 653
661 544 660
544 661 542
662 542 661
661 655 662
657 662 655
542 662 541
663 541 662
662 657 663
541 663 545
663 548 545
548 663 664
664 657 658
657 664 663
665 666 667
665 668 666
665 669 668
669 670 668
668 670 671
666 668 672
672 668 673
668 671 673
674 666 672
666 674 667
674 675 667
670 676 671
676 670 677
677 678 676
678 677 679
679 680 678
678 680 681
680 682 681
682 680 683
683 684 682
684 683 685
685 686 684
686 685 687
687 688 686
688 687 689
690 688 689
688 690 691
692 691 690
691 692 693
694 693 692
693 694 695
694 696 695
696 694 697
697 698 696
698 697 699
699 700 698
700 699 701
701 702 700
702 701 703
704 703 701
703 704 705
706 705 704
705 706 707
706 708 707
708 706 709
710 709 706
709 710 711
712 706 704
706 712 710
701 712 704
712 701 699
713 711 710
712 713 710
711 713 714
713 712 715
699 715 712
715 699 697
716 714 713
715 716 713
714 716 717
716 715 718
697 718 715
718 697 694
719 717 716
718 719 716
717 719 720
719 718 721
694 721 718
721 694 692
722 720 719
721 722 719
720 722 723
722 721 724
692 724 721
724 692 690
725 723 722
724 725 722
723 725 726
725 724 727
690 727 724
727 690 689
728 726 725
727 728 725
726 728 729
728 727 730
689 730 727
730 689 687
731 729 728
730 731 728
729 731 732
731 730 733
687 733 730
733 687 685
734 732 731
732 734 735
736 731 733
731 736 734
683 733 685
733 683 736
737 735 734
735 737 738
739 734 736
734 739 737
683 739 736
739 683 680
737 511 738
511 737 740
739 740 737
740 739 679
680 679 739
507 511 740
741 740 679
507 740 741
742 507 741
677 742 741
741 679 677
742 677 670
669 742 670
505 507 742
742 503 505
503 742 669
669 501 503
501 669 665
665 500 501
500 665 667
667 487 500
667 675 487
675 484 487
675 743 484
744 743 675
743 744 745
745 746 743
746 745 747
747 452 746
480 746 452
743 480 484
480 743 746
452 747 458
674 744 675
453 480 452
444 748 749
750 749 748
750 748 751
752 750 751
752 751 753
753 754 752
754 753 755
754 755 756
755 757 756
758 756 757
756 758 759
759 760 756
760 754 756
760 759 761
762 761 759
761 762 763
764 763 762
763 764 765
766 765 764
765 766 767
768 767 766
767 768 769
770 769 768
769 770 771
772 771 770
771 772 773
774 773 772
773 774 775
774 776 775
776 774 777
777 778 776
778 777 779
779 780 778
780 779 781
781 782 780
782 781 783
783 784 782
784 783 785
785 786 784
786 785 787
787 788 786
788 787 789
789 790 788
790 789 791
790 791 792
793 791 789
791 793 794
791 794 795
791 795 792
796 792 795
792 796 797
797 796 798
797 798 799
799 798 800
799 800 801
802 801 800
800 803 802
804 802 803
804 803 805
805 806 804
806 805 807
807 808 806
809 806 808
810 809 808
810 811 809
811 810 812
813 812 810
812 813 814
814 815 812
815 814 816
810 817 813
810 808 817
812 818 811
818 812 815
819 817 808
808 807 819
817 819 820
820 821 817
817 821 813
821 820 822
818 823 811
824 809 811
823 824 811
809 824 825
823 826 824
827 825 824
826 827 824
825 827 828
829 827 826
827 802 828
828 802 804
825 828 804
825 804 806
823 830 826
831 826 830
826 831 832
831 833 832
830 823 834
818 834 823
834 818 835
815 835 818
835 815 836
816 836 815
836 816 837
838 837 816
816 839 838
840 838 839
840 841 838
837 838 841
841 840 842
839 816 814
814 843 839
844 839 843
840 839 844
843 814 813
813 821 843
840 844 845
846 842 840
846 840 845
847 846 845
847 848 846
842 846 848
848 847 849
850 849 847
850 847 851
851 852 850
853 845 844
845 853 854
853 844 855
844 843 855
856 853 855
857 853 856
853 857 854
856 858 857
859 857 858
857 859 860
860 854 857
861 860 859
860 861 862
863 862 861
862 863 864
865 864 863
864 865 866
866 865 867
868 866 867
867 865 869
870 867 869
868 867 870
871 868 870
872 871 870
870 873 872
870 874 873
870 869 874
865 875 869
876 869 875
869 876 877
876 878 877
878 876 879
879 880 878
880 879 881
881 882 880
882 881 883
883 884 882
884 883 885
885 886 884
886 885 887
887 888 886
888 887 889
889 890 888
890 889 891
891 892 890
892 891 893
893 894 892
894 893 895
895 896 894
896 895 897
897 898 896
898 897 899
897 900 899
900 897 901
901 902 900
902 901 903
903 904 902
904 903 905
906 905 903
905 906 907
897 908 901
908 897 895
903 908 906
908 903 901
893 908 895
909 907 906
907 909 910
906 911 909
911 906 908
908 893 911
912 910 909
910 912 913
891 911 893
911 891 914
909 914 912
914 909 911
912 915 913
915 912 916
889 914 891
914 889 917
912 917 916
917 912 914
916 918 915
918 916 919
887 917 889
917 887 920
916 920 919
920 916 917
919 921 918
921 919 922
885 920 887
920 885 923
919 923 922
923 919 920
924 921 922
921 924 925
883 923 885
923 883 926
922 926 924
926 922 923
927 925 924
925 927 928
881 926 883
926 881 929
924 929 927
929 924 926
930 928 927
929 930 927
928 930 931
881 932 929
930 929 932
932 881 879
933 931 930
931 933 934
879 935 932
930 935 933
935 930 932
935 879 876
936 934 933
875 935 876
935 875 937
933 937 936
937 933 935
938 937 875
939 936 937
938 939 937
936 939 940
939 938 941
941 938 865
865 938 875
942 940 939
941 942 939
940 942 943
944 943 942
945 944 942
945 942 941
946 944 945
946 947 944
946 948 947
947 949 944
949 950 944
944 950 943
951 949 947
947 948 951
951 948 952
951 952 953
954 953 952
953 954 955
956 955 954
955 956 957
821 957 956
957 821 822
945 859 946
859 945 861
946 858 948
858 946 859
948 858 856
952 855 954
952 856 855
954 843 956
843 954 855
821 956 843
948 856 952
861 941 863
863 941 865
941 861 945
958 959 960
960 473 958
473 472 958
588 961 962
961 963 962
963 961 964
964 965 963
965 964 966
965 966 967
588 962 587
588 968 961
588 969 968
969 588 586
586 970 969
970 586 584
584 971 970
971 584 582
582 972 971
972 582 580
580 973 972
973 580 578
578 974 973
974 578 576
576 975 974
576 575 975
575 592 975
592 575 574
976 408 977
977 978 976
978 979 976
979 978 980
980 981 979
981 980 982
980 611 982
982 983 981
983 982 984
611 984 982
611 985 984
984 986 983
986 984 987
987 984 985
978 609 980
980 609 611
987 985 988
987 989 986
989 987 990
991 990 987
991 987 988
990 991 992
993 990 992
990 993 994
995 994 993
994 995 996
997 994 996
994 997 998
998 990 994
990 998 989
999 996 995
996 999 1000
1001 1000 999
1002 1000 1001
996 1002 997
1002 996 1000
978 603 609
978 1003 603
978 977 1003
599 1003 977
977 402 599
402 396 599
599 396 386
402 977 408
599 386 385
1003 599 600
1003 600 603
468 465 1004
1004 465 469
442 444 469
444 749 469
1005 366 395
366 369 395
395 369 380
394 1005 395
366 1005 365
552 1006 1007
552 1007 1008
1009 1008 1007
1008 1009 1010
1009 1011 1010
1011 1009 1012
1011 1013 1010
1013 1011 1014
1010 1015 1008
1015 1010 1013
1015 552 1008
1016 552 1015
1017 1014 1011
1012 1017 1011
1014 1017 1018
1017 1012 1019
552 555 1006
555 1020 1006
1019 1021 1017
1021 1018 1017
1021 1019 1022
1021 1022 1023
1024 1021 1023
1018 1021 1024
555 558 1020
558 570 1020
570 558 561
678 681 1025
676 678 1025
1026 1027 1028
361 357 375
702 703 1029
703 705 1029
705 707 1029
707 708 1029
1030 1031 1032
1033 1030 1032
1030 1034 1031
1034 1030 1035
1030 1036 1035
1036 1030 1033
1036 1037 1035
1037 1038 1035
1035 1038 1034
1037 1039 1038
1040 1039 1037
1041 1040 1037
1041 1037 1036
1040 1042 1039
1043 1040 1041
1043 1044 1040
1044 1042 1040
1045 1042 1044
1042 1045 1046
1044 1047 1045
1047 1044 1048
1048 1044 1043
1049 1046 1045
1046 1049 1050
1045 1051 1049
1051 1045 1047
1052 1050 1049
1051 1052 1049
1050 1052 1053
1052 1051 1054
1052 1055 1053
1055 1052 1056
1054 1056 1052
1056 1054 1057
1056 1058 1055
1058 1056 1059
1057 1059 1056
1059 1060 1058
1060 1059 1061
1061 1062 1060
1062 1061 1063
1063 1064 1062
1064 1063 1065
1066 1065 1063
1065 1066 1067
1065 1068 1064
1068 1065 1069
1067 1069 1065
1069 1070 1068
1070 1069 1071
1071 1072 1070
1072 1071 1073
1074 1073 1071
1073 1074 1075
1076 1071 1069
1071 1076 1074
1069 1067 1076
1073 1077 1072
1077 1073 1078
1075 1078 1073
1079 1077 1078
1079 1078 1080
1078 1075 1080
1063 1081 1066
1081 1063 1061
1061 1082 1081
1082 1061 1059
1059 1057 1082
1083 1084 1085
1083 1086 1084
1086 1083 1087
1088 1086 1087
1088 1089 1086
1090 1089 1088
1090 1091 1089
1092 1091 1090
1092 1093 1091
1092 1094 1093
1094 1092 1095
1095 1096 1094
1096 1095 1097
1098 1096 1097
1096 1098 1099
1100 1099 1098
1099 1100 1101
1102 1101 1100
1101 1102 1103
1104 1103 1102
1103 1104 1105
1106 1105 1104
1105 1106 1107
1108 1107 1106
1107 1108 1109
1110 1109 1108
1109 1110 1111
1112 1111 1110
1111 1112 1113
1114 1113 1112
1113 1114 1115
1116 1115 1114
1115 1116 1117
1118 1117 1116
1119 1120 1121
1122 1120 1119
1123 1122 1119
1124 1122 1123
1124 1125 1122
1126 1125 1124
1126 1127 1125
1128 1127 1126
1128 1129 1127
1128 1130 1129
1130 1128 1131
1131 1132 1130
1132 1131 1133
1133 1134 1132
1134 1133 1135
1136 1134 1135
1134 1136 1137
1138 1137 1136
1137 1138 1139
1140 1139 1138
1139 1140 1141
1142 1141 1140
1141 1142 1143
1144 1143 1142
1143 1144 1145
1146 1145 1144
1145 1146 1147
1148 1147 1146
1147 1148 1149
1150 1149 1148
1149 1150 1151
1152 1151 1150
1151 1152 1153
1154 1153 1152
1155 1156 1157
1158 1155 1157
1159 1156 1155
1158 1159 1155
1156 1159 1160
1159 1158 1161
1159 1162 1160
1162 1159 1163
1159 1164 1163
1164 1159 1161
1165 1162 1163
1164 1165 1163
1162 1165 1166
1165 1164 1167
1168 1166 1165
1167 1168 1165
1166 1168 1169
1168 1167 1170
1168 1171 1169
1171 1168 1172
1168 1173 1172
1173 1168 1170
1172 1174 1171
1174 1172 1175
1172 1176 1175
1176 1172 1173
1175 1177 1174
1177 1175 1178
1176 1178 1175
1178 1176 1179
1178 1180 1177
1180 1178 1181
1179 1181 1178
1181 1179 1182
1181 1183 1180
1183 1181 1184
1182 1184 1181
1184 1182 1185
1184 1186 1183
1186 1184 1187
1185 1187 1184
1187 1185 1188
1187 1189 1186
1189 1187 1190
1187 1191 1190
1191 1187 1188
1190 1192 1189
1192 1190 1193
1190 1194 1193
1194 1190 1191
1193 1195 1192
1195 1193 1196
1193 1197 1196
1197 1193 1194
1198 1195 1196
1195 1198 1199
1196 1200 1198
1200 1196 1197
1201 1199 1198
1199 1201 1202
1198 1203 1201
1203 1198 1200
1204 1202 1201
1203 1204 1201
1202 1204 1205
1204 1203 1206
1207 1205 1204
1206 1207 1204
1205 1207 1208
1207 1206 1209
1210 1208 1207
1210 1207 1209
1211 1212 1213
1214 1212 1211
1215 1211 1213
1211 1215 1216
1211 1217 1214
1217 1211 1216
1215 1218 1216
1218 1217 1216
1218 1215 1219
1217 1218 1220
1219 1221 1218
1221 1220 1218
1221 1219 1222
1220 1221 1223
1222 1224 1221
1224 1223 1221
1224 1222 1225
1223 1224 1226
1225 1227 1224
1227 1226 1224
1227 1225 1228
1226 1227 1229
1228 1230 1227
1230 1229 1227
1230 1228 1231
1229 1230 1232
1233 1230 1231
1230 1233 1234
1234 1232 1230
1232 1234 1235
1236 1234 1233
1234 1236 1237
1237 1235 1234
1235 1237 1238
1239 1237 1236
1237 1239 1240
1240 1238 1237
1238 1240 1241
1242 1240 1239
1240 1242 1243
1243 1241 1240
1241 1243 1244
1245 1243 1242
1243 1245 1246
1246 1244 1243
1244 1246 1247
1245 1248 1246
1248 1247 1246
1248 1245 1249
1247 1248 1250
1249 1251 1248
1251 1249 1252
1248 1253 1250
1253 1248 1251
1252 1254 1251
1254 1252 1255
1251 1256 1253
1256 1251 1254
1257 1254 1255
1254 1257 1258
1254 1259 1256
1259 1254 1258
1260 1258 1257
1258 1260 1261
1258 1262 1259
1262 1258 1261
1263 1261 1260
1261 1263 1264
1261 1265 1262
1265 1261 1264
1266 1264 1263
1266 1265 1264
1267 1268 1269
1268 1267 1270
1268 1271 1269
1271 1268 1272
1272 1273 1271
1273 1272 1274
1274 1275 1273
1275 1274 1276
1276 1277 1275
1277 1276 1278
1279 1278 1276
1278 1279 1280
1281 1276 1274
1276 1281 1279
1282 1274 1272
1274 1282 1281
1283 1272 1268
1272 1283 1282
1284 1268 1270
1268 1284 1283
1270 1285 1284
1278 1286 1277
1286 1278 1287
1280 1287 1278
1287 1288 1286
1288 1287 1289
1290 1289 1287
1287 1280 1290
1289 1290 1291
1291 1292 1289
1289 1292 1293
1289 1293 1288
1292 1291 1294
1294 1295 1292
1295 1294 1296
1292 1297 1293
1292 1295 1297
1297 1298 1293
1299 1298 1297
1295 1299 1297
1295 1300 1299
1300 1295 1296
1298 1299 1301
1301 1302 1298
1302 1301 1303
1304 1301 1299
1300 1304 1299
1300 1305 1304
1301 1304 1306
1306 1303 1301
1300 1296 1307
1305 1300 1307
1308 1293 1298
1298 1302 1308
1305 1309 1304
1304 1310 1306
1304 1309 1310
1311 1310 1309
1310 1312 1306
1303 1306 1312
1312 1310 1313
1313 1310 1314
1310 1311 1314
1314 1311 1315
1315 1311 1316
1315 1316 1317
1315 1318 1314
1319 1305 1307
1320 1305 1319
1305 1320 1309
1321 1309 1320
1316 1311 1321
1311 1309 1321
1322 1316 1321
1317 1316 1322
1323 1317 1322
1323 1322 1324
1325 1324 1322
1325 1322 1321
1326 1325 1321
1326 1321 1320
1326 1320 1327
1320 1319 1327
1328 1325 1326
1324 1325 1328
1328 1329 1324
1328 1330 1329
1330 1328 1331
1328 1332 1331
1326 1327 1332
1328 1326 1332
1333 1329 1330
1329 1333 1334
1329 1334 1335
1335 1323 1324
1335 1324 1329
1336 1334 1333
1334 1336 1337
1334 1337 1338
1338 1335 1334
1339 1335 1338
1335 1339 1340
1335 1340 1341
1342 1337 1336
1337 1342 1343
1343 1338 1337
1338 1343 1344
1345 1338 1344
1338 1345 1339
1346 1343 1342
1343 1346 1347
1347 1344 1343
1344 1347 1348
1349 1344 1348
1344 1349 1345
1350 1347 1346
1347 1350 1351
1351 1348 1347
1348 1351 1352
1353 1348 1352
1348 1353 1349
1354 1351 1350
1351 1354 1355
1351 1356 1352
1356 1351 1355
1357 1352 1356
1352 1357 1353
1358 1355 1354
1355 1358 1359
1355 1360 1356
1360 1355 1359
1361 1356 1360
1356 1361 1357
1362 1359 1358
1359 1362 1363
1359 1364 1360
1364 1359 1363
1365 1360 1364
1360 1365 1361
1366 1365 1364
1363 1366 1364
1365 1366 1367
1362 1368 1363
1366 1363 1368
1368 1362 1369
1370 1367 1366
1368 1370 1366
1367 1370 1371
1369 1372 1368
1370 1368 1372
1373 1370 1372
1370 1373 1371
1373 1372 1374
1372 1369 1374
1375 1376 1323
1377 1376 1375
1378 1376 1377
1379 1378 1377
1378 1380 1376
1380 1317 1376
1376 1317 1323
1380 1378 1381
1381 1378 1382
1378 1379 1382
1383 1382 1379
1380 1384 1317
1385 1384 1380
1385 1380 1381
1379 1377 1386
1387 1379 1386
1383 1379 1387
1388 1383 1387
1389 1386 1377
1317 1384 1315
1315 1384 1390
1385 1390 1384
1390 1318 1315
1388 1387 1391
1392 1388 1391
1391 1387 1393
1387 1386 1393
1394 1393 1386
1389 1394 1386
1389 1395 1394
1395 1389 1396
1397 1394 1395
1394 1397 1398
1394 1398 1393
1393 1398 1399
1398 1400 1399
1400 1398 1397
1401 1399 1400
1399 1401 1402
1402 1403 1399
1393 1399 1403
1404 1402 1401
1402 1404 1405
1405 1406 1402
1406 1405 1407
1405 1408 1407
1408 1405 1409
1409 1410 1408
1410 1409 1411
1409 1412 1411
1412 1409 1413
1405 1413 1409
1413 1405 1404
1406 1414 1402
1402 1414 1403
1411 1415 1410
1415 1411 1416
1417 1415 1416
1418 1417 1416
1411 1418 1416
1418 1411 1412
1419 1420 1421
1419 1422 1420
1423 1421 1420
1422 1423 1420
1421 1423 1424
1423 1425 1424
1426 1425 1423
1423 1422 1426
1425 1426 1427
1427 1428 1425
1428 1427 1429
1429 1430 1428
1430 1429 1431
1431 1432 1430
1430 1432 1433
1432 1431 1434
1434 1435 1432
1432 1435 1436
1432 1436 1433
1435 1434 1437
1430 1433 1438
1430 1438 1428
1428 1438 1439
1425 1428 1439
1425 1439 1424
1437 1440 1435
1441 1435 1440
1435 1441 1436
1437 1442 1440
1440 1443 1441
1442 1444 1440
1440 1444 1443
1444 1442 1392
1392 1391 1444
1444 1391 1445
1444 1445 1443
1391 1393 1445
1446 1447 1448
1446 1448 1449
1446 1449 1450
1446 1450 1451
1452 1448 1447
1448 1452 1453
1453 1449 1448
1454 1453 1452
1453 1454 1455
1455 1456 1453
1449 1453 1456
1456 1450 1449
1456 1455 1457
1457 1458 1456
1450 1456 1458
1458 1451 1450
1458 1457 1459
1460 1458 1459
1458 1460 1461
1451 1458 1461
1462 1455 1454
1455 1462 1463
1463 1457 1455
1464 1463 1462
1463 1464 1465
1466 1465 1464
1465 1466 1467
1467 1468 1465
1468 1467 1469
1469 1470 1468
1470 1469 1471
1472 1470 1471
1470 1472 1473
1474 1467 1466
1467 1474 1475
1475 1469 1467
1469 1475 1476
1476 1471 1469
1471 1476 1477
1478 1471 1477
1471 1478 1472
1479 1475 1474
1475 1479 1480
1480 1476 1475
1476 1480 1481
1481 1477 1476
1477 1481 1482
1483 1477 1482
1477 1483 1478
1484 1480 1479
1480 1484 1485
1485 1481 1480
1481 1485 1486
1487 1481 1486
1481 1487 1482
1488 1482 1487
1482 1488 1483
1489 1485 1484
1485 1489 1490
1490 1486 1485
1486 1490 1491
1492 1486 1491
1486 1492 1487
1493 1487 1492
1487 1493 1488
1494 1490 1489
1490 1494 1495
1495 1491 1490
1491 1495 1496
1497 1491 1496
1491 1497 1492
1498 1492 1497
1492 1498 1493
1499 1495 1494
1495 1499 1500
1500 1496 1495
1496 1500 1501
1502 1496 1501
1496 1502 1497
1502 1498 1497
1498 1502 1503
1504 1500 1499
1500 1504 1505
1505 1501 1500
1501 1505 1506
1501 1506 1502
1507 1505 1504
1505 1507 1508
1506 1505 1508
1494 1509 1499
1499 1509 1510
1510 1504 1499
1507 1511 1508
1506 1508 1512
1512 1508 1511
1511 871 1512
871 1511 1513
1514 1507 1504
1504 1510 1514
1507 1514 1515
1507 1515 1511
1511 1515 1516
1516 1513 1511
1517 1516 1515
1517 1515 1518
1515 1514 1518
1514 1519 1518
1520 1519 1514
1519 1520 1521
1522 1521 1520
1521 1522 1523
1524 1523 1522
1523 1524 1525
1526 1525 1524
1525 1526 1527
1528 1527 1526
1527 1528 1529
1530 1529 1528
1529 1530 1531
1516 1517 1532
1533 1532 1517
1534 1532 1533
1534 1535 1532
1516 1532 1535
1517 1536 1533
1513 1516 1535
868 1513 1535
1513 868 871
1534 1537 1535
1538 1537 1534
1535 1537 866
1535 866 868
852 1538 1534
1538 1539 1537
1540 1539 1538
864 1537 1539
1537 864 866
851 1540 1538
852 851 1538
852 1534 1541
852 1541 1542
1540 1543 1539
1543 862 1539
862 864 1539
862 1543 860
854 860 1543
1544 854 1543
1544 1543 1540
847 1544 1540
851 847 1540
845 854 1544
847 845 1544
852 1542 850
1534 1533 1541
1502 1545 1546
873 1546 1545
1506 1545 1502
1512 1545 1506
1512 872 1545
872 873 1545
872 1512 871
1502 1546 1503
1270 1547 1548
1547 1270 1267
1285 1270 1548
1547 1549 1548
1549 1547 1550
1551 1548 1549
1548 1551 1285
1552 1553 1554
1553 1552 833
833 1552 832
1531 1555 1556
1557 1556 1555
1556 1557 1558
1559 1558 1557
1558 1559 1560
1559 1561 1560
1531 1530 1555
1531 1556 1562
1563 1531 1562
1531 1563 1529
1564 1529 1563
1529 1564 1527
1565 1527 1564
1527 1565 1525
1566 1525 1565
1525 1566 1523
1567 1523 1566
1523 1567 1521
1568 1521 1567
1521 1568 1519
1519 1568 1569
1519 1569 1518
1518 1569 1536
1536 1517 1518
1570 1571 1572
1571 1570 1573
1574 1572 1571
1572 1574 1575
1573 1576 1571
1576 1573 1577
1571 1578 1574
1578 1571 1576
1579 1578 1576
1577 1579 1576
1578 1579 1580
1581 1580 1579
1582 1581 1579
1579 1577 1582
1581 1582 1583
1580 1581 1584
1585 1584 1581
1583 1585 1581
1584 1585 1586
1587 1586 1585
1585 1588 1587
1588 1585 1589
1585 1583 1589
1586 1587 1590
1591 1587 1588
1587 1591 1592
1593 1587 1592
1587 1593 1590
1591 1594 1592
1594 1591 1595
1596 1592 1594
1592 1596 1593
1595 1597 1594
1597 1595 1598
1599 1594 1597
1594 1599 1596
1597 1600 1599
1600 1597 1601
1598 1601 1597
1601 1602 1600
1602 1601 1603
1601 1604 1603
1604 1601 1605
1601 1598 1605
1604 1606 1603
1606 1604 1607
1603 1606 1608
1603 1608 1602
1609 1608 1606
1606 1610 1609
1610 1606 1607
1611 1610 1607
1612 1610 1611
1610 1612 1613
1610 1613 1614
1610 1614 1609
1615 1613 1612
1612 1616 1615
1613 1615 1617
1617 1614 1613
1618 1615 1616
1615 1619 1617
1615 1620 1619
1620 1621 1619
1620 1622 1621
1623 1621 1622
1621 1623 1624
1625 1624 1623
1624 1625 1626
1625 1627 1626
1627 1625 1628
1628 1629 1627
1629 1628 1630
1631 1630 1628
1631 1628 1632
1628 1625 1632
1633 1632 1625
1633 1625 1623
1623 1634 1633
1630 1631 1635
1635 1636 1630
1636 1635 1637
1636 1638 1630
1638 1629 1630
1637 1639 1636
1639 1637 1640
1641 1639 1640
1639 1641 1642
1642 1643 1639
1636 1643 1638
1636 1639 1643
1643 1642 1644
1641 1645 1642
1642 1645 1644
1634 1646 1647
1646 1618 1647
1647 1618 1616
1623 1646 1634
1648 1649 1650
1651 1648 1650
1652 1648 1651
1648 1652 1653
1654 1653 1652
1653 1654 1655
1651 1650 1656
1657 1655 1654
1655 1657 1658
1659 1658 1657
1658 1659 1660
1661 1660 1659
1660 1661 1662
1661 1663 1662
1663 1661 1664
1664 1665 1663
1665 1664 1666
1666 1667 1665
1667 1666 1668
1668 1669 1667
1669 1668 1670
1670 1671 1669
1671 1670 1672
1672 1673 1671
1673 1672 1674
1675 1673 1674
1676 1677 1678
1679 1676 1678
1679 1678 1680
1681 1680 1678
1680 1681 1682
1683 1682 1681
1682 1683 1684
1685 1678 1677
1686 1676 1679
1676 1686 1687
1688 1687 1686
1687 1688 1689
1690 1689 1688
1689 1690 1691
1692 1691 1690
1691 1692 1693
1694 1693 1692
1693 1694 1695
1696 1695 1694
1697 1698 1683
1698 1697 1699
1697 1700 1699
1396 1701 1341
1389 1701 1396
1701 1389 1375
1701 1375 1323
1323 1335 1701
1335 1341 1701
1389 1377 1375
1509 1494 1702
1489 1702 1494
1702 1489 1703
1484 1703 1489
1484 1704 1703
1479 1704 1484
1479 1705 1704
1479 1706 1705
1706 1707 1705
1707 1706 1708
1709 1707 1708
1707 1709 1710
1711 1709 1708
1709 1711 1712
1713 1708 1706
1708 1713 1711
1713 1706 1479
1714 1713 1479
1712 1715 1709
1715 1710 1709
1715 1712 1716
1710 1715 1717
1718 1717 1715
1716 1718 1715
1717 1718 1719
1718 1720 1719
1721 1720 1718
1718 1716 1721
1722 1465 1468
1465 1722 1463
1468 1723 1722
1723 1468 1470
1473 1723 1470
1723 1473 1724
1457 1463 1722
1459 1722 1723
1722 1459 1457
1724 1459 1723
1459 1724 1460
829 1725 827
1725 802 827
936 1726 934
940 1726 936
1727 1728 1729
1575 1730 1572
1730 1575 1731
1732 1572 1730
1572 1732 1570
1733 1732 1734
1734 1735 1733
1736 1733 1735
1733 1736 1737
1737 1738 1733
1732 1733 1738
1738 1737 1739
1740 1739 1737
1739 1740 1741
1742 1737 1736
1737 1742 1740
1742 1743 1740
1743 1741 1740
1743 1742 1744
1744 1745 1743
1745 1746 1743
1741 1743 1746
1746 1745 1747
1745 1744 1748
1748 1749 1745
1749 1747 1745
1749 1748 1750
1750 1751 1749
1752 1749 1751
1749 1752 1753
1747 1749 1753
1751 1750 1754
1751 1755 1752
1755 1751 1756
1757 1751 1754
1751 1757 1756
1758 1755 1756
1755 1758 1759
1760 1756 1757
1756 1760 1758
1761 1759 1758
1759 1761 1762
1763 1758 1760
1758 1763 1761
1764 1761 1763
1761 1764 1765
1765 1762 1761
1766 1765 1764
1765 1766 1767
1768 1765 1767
1765 1768 1769
1762 1765 1769
1770 1768 1767
1768 1770 1771
1767 1772 1770
1767 1766 1772
1773 1770 1772
1770 1773 1774
1774 1771 1770
1775 1771 1774
1774 1776 1775
1776 1774 1777
1774 1773 1778
1774 1778 1777
1779 1776 1777
1776 1779 1780
1777 1781 1779
1781 1777 1778
1779 1781 1782
1779 1782 1783
1783 1782 1784
1783 1784 1785
1784 1786 1785
1786 1784 1787
1787 1788 1786
1789 1786 1788
1788 1787 1790
1791 1788 1790
1788 1791 1792
1793 1788 1792
1789 1788 1793
1794 1792 1791
1792 1794 1795
1795 1796 1792
1796 1793 1792
1796 1795 1797
1798 1797 1795
1797 1798 1799
1795 1794 1800
1798 1795 1800
1801 1799 1798
1799 1801 1802
1801 1803 1802
1803 1801 1804
1805 1804 1801
1798 1805 1801
1798 1800 1805
1804 1805 1806
1803 1804 1807
1804 1806 1807
1293 1308 1288
904 1808 902
902 1808 900
900 1808 899
899 1808 898
1809 1810 1811
1810 1809 1812
1813 1811 1810
1810 1814 1813
1814 1815 1813
1815 1814 1816
1816 1817 1815
1817 1816 1818
1818 1819 1817
1819 1818 1820
1820 1821 1819
1821 1820 1822
1822 1823 1821
1823 1822 1824
1809 1825 1812
1824 1826 1823
1826 1824 1827
1828 1826 1827
1825 1829 1830
1831 1829 1832
1812 1825 1833
1825 1834 1833
1835 1836 1837
1836 1835 1838
1837 1839 1835
1837 1840 1839
1841 1838 1842
1842 1843 1841
1843 1842 1844
1844 1845 1843
1845 1844 1846
1847 1845 1846
1845 1847 1848
1849 1848 1847
1848 1849 1850
1851 1850 1849
1850 1851 1852
1853 1852 1851
1852 1853 1854
1855 1854 1853
1854 1855 1856
1857 1856 1855
1856 1857 1858
1859 1858 1857
1858 1859 1860
1861 1860 1859
1862 1863 1864
1863 1862 1865
1862 1864 1866
1865 1867 1863
1867 1865 1868
1868 1869 1867
1869 1868 1870
1870 1871 1869
1871 1870 1872
1872 1873 1871
1873 1872 1874
1875 1873 1874
1876 1875 1874
1877 1875 1876
1875 1877 1878
1879 1878 1877
1878 1879 1880
1881 1880 1879
1880 1881 1882
1881 1883 1882
1883 1881 1884
1884 1885 1883
1885 1884 1886
1887 1883 1885
1883 1887 1888
1889 1885 1886
1889 1887 1885
1888 1890 1883
1890 1888 1891
1891 1892 1890
1892 1891 1893
1893 1894 1892
1894 1893 1895
1895 1896 1894
1896 1895 1897
1897 1898 1896
1898 1897 1899
1899 1900 1898
1900 1899 1901
1902 1900 1901
1900 1902 1903
1904 1903 1902
1903 1904 1905
1906 1905 1904
1905 1906 1907
1908 1907 1906
1907 1908 1909
1910 1909 1908
1908 1911 1910
1912 1913 1914
1915 1913 1912
1916 1912 1914
1912 1916 1917
1912 1918 1915
1918 1912 1917
1918 1917 1919
1919 1917 1920
1917 1916 1920
1919 1920 1921
1922 1919 1921
1923 1919 1922
1923 1918 1919
1922 1921 1924
1925 1923 1922
1925 1922 1926
1926 1922 1924
1924 1927 1926
1927 1924 1928
1929 1926 1927
1926 1929 1930
1930 1925 1926
1928 1931 1927
1931 1928 1932
1927 1933 1929
1933 1927 1931
1932 1934 1931
1934 1933 1931
1934 1932 1935
1933 1934 1936
1937 1934 1935
1934 1937 1938
1938 1936 1934
1936 1938 1939
1940 1938 1937
1938 1940 1941
1941 1939 1938
1942 1941 1940
1941 1942 1943
1944 1943 1942
1943 1944 1945
1946 1945 1944
1945 1946 1947
1947 1948 1945
1948 1947 1949
1950 1947 1946
1947 1950 1951
1951 1949 1947
1952 1951 1950
1951 1952 1953
1954 1953 1952
1953 1954 1955
1955 1956 1953
1956 1955 1957
1953 1958 1951
1958 1953 1956
1949 1951 1958
1959 1955 1954
1955 1959 1960
1960 1957 1955
1961 1960 1959
1961 1962 1960
1957 1960 1962
1963 1945 1948
1945 1963 1943
1964 1943 1963
1943 1964 1941
1939 1941 1964
1965 1966 1967
1968 1965 1967
1965 1968 1969
1970 1969 1968
1970 1968 1971
1972 1970 1971
1972 1971 1973
1974 1972 1973
1974 1973 1975
1976 1974 1975
1974 1976 1977
1978 1977 1976
1977 1978 1979
1978 1980 1979
1980 1978 1981
1981 1982 1980
1982 1981 1983
1983 1984 1982
1984 1983 1985
1985 1986 1984
1986 1985 1987
1987 1988 1986
1988 1987 1989
1989 1990 1988
1990 1989 1991
1991 1992 1990
1992 1991 1993
1993 1994 1992
1994 1993 1995
1995 1996 1994
1996 1995 1997
1997 1998 1996
1998 1997 1999
2000 1998 1999
2001 2002 2003
2001 2003 2004
2005 2001 2004
2006 2005 2004
2006 2004 2007
2008 2006 2007
2008 2007 2009
2010 2008 2009
2010 2009 2011
2012 2010 2011
2010 2012 2013
2014 2013 2012
2013 2014 2015
2016 2015 2014
2015 2016 2017
2016 2018 2017
2018 2016 2019
2019 2020 2018
2020 2019 2021
2021 2022 2020
2022 2021 2023
2023 2024 2022
2024 2023 2025
2025 2026 2024
2026 2025 2027
2027 2028 2026
2028 2027 2029
2029 2030 2028
2030 2029 2031
2031 2032 2030
2032 2031 2033
2033 2034 2032
2034 2033 2035
2036 2034 2035
2037 2038 2039
2040 2038 2037
2039 2041 2037
2041 2040 2037
2041 2039 2042
2040 2041 2043
2044 2041 2042
2041 2044 2045
2041 2046 2043
2046 2041 2045
2044 2047 2045
2047 2046 2045
2047 2044 2048
2046 2047 2049
2048 2050 2047
2050 2049 2047
2050 2048 2051
2049 2050 2052
2053 2050 2051
2050 2053 2054
2050 2055 2052
2055 2050 2054
2056 2054 2053
2054 2056 2057
2054 2058 2055
2058 2054 2057
2059 2057 2056
2057 2059 2060
2060 2058 2057
2058 2060 2061
2062 2060 2059
2060 2062 2063
2063 2061 2060
2061 2063 2064
2065 2063 2062
2063 2065 2066
2066 2064 2063
2064 2066 2067
2068 2066 2065
2066 2068 2069
2069 2067 2066
2067 2069 2070
2071 2069 2068
2069 2071 2072
2069 2073 2070
2073 2069 2072
2074 2072 2071
2072 2074 2075
2072 2076 2073
2076 2072 2075
2077 2075 2074
2075 2077 2078
2075 2079 2076
2079 2075 2078
2077 2080 2078
2080 2077 2081
2078 2082 2079
2082 2078 2080
2081 2083 2080
2083 2081 2084
2080 2085 2082
2085 2080 2083
2084 2086 2083
2086 2085 2083
2086 2084 2087
2085 2086 2088
2087 2089 2086
2089 2088 2086
2089 2087 2090
2088 2089 2091
2092 2089 2090
2092 2091 2089
2093 2094 2095
2096 2093 2095
2093 2097 2094
2097 2093 2098
2093 2099 2098
2099 2093 2096
2100 2097 2098
2099 2100 2098
2097 2100 2101
2100 2099 2102
2103 2101 2100
2102 2103 2100
2101 2103 2104
2103 2102 2105
2106 2104 2103
2105 2106 2103
2104 2106 2107
2106 2105 2108
2109 2107 2106
2108 2109 2106
2107 2109 2110
2109 2108 2111
2112 2110 2109
2111 2112 2109
2110 2112 2113
2112 2111 2114
2112 2115 2113
2115 2112 2116
2114 2116 2112
2116 2114 2117
2116 2118 2115
2118 2116 2119
2117 2119 2116
2119 2117 2120
2119 2121 2118
2121 2119 2122
2120 2122 2119
2122 2120 2123
2122 2124 2121
2124 2122 2125
2123 2125 2122
2125 2123 2126
2125 2127 2124
2127 2125 2128
2126 2128 2125
2128 2126 2129
2130 2127 2128
2129 2130 2128
2127 2130 2131
2130 2129 2132
2133 2131 2130
2131 2133 2134
2130 2135 2133
2135 2130 2132
2136 2134 2133
2134 2136 2137
2133 2138 2136
2138 2133 2135
2136 2139 2137
2139 2136 2140
2136 2141 2140
2141 2136 2138
2140 2142 2139
2142 2140 2143
2140 2144 2143
2144 2140 2141
2143 2145 2142
2145 2143 2146
2143 2147 2146
2147 2143 2144
2148 2145 2146
2148 2146 2147
2149 2150 2151
2150 2149 2152
2152 2153 2150
2153 2152 2154
2153 2155 2150
2156 2153 2154
2153 2156 2157
2157 2155 2153
2155 2157 2158
2159 2157 2156
2157 2159 2160
2160 2158 2157
2158 2160 2161
2162 2160 2159
2160 2162 2163
2163 2161 2160
2161 2163 2164
2165 2163 2162
2163 2165 2166
2166 2164 2163
2164 2166 2167
2168 2166 2165
2166 2168 2169
2169 2167 2166
2167 2169 2170
2171 2169 2168
2169 2171 2172
2172 2170 2169
2170 2172 2173
2174 2172 2171
2172 2174 2175
2175 2173 2172
2173 2175 2176
2174 2177 2175
2177 2176 2175
2177 2174 2178
2176 2177 2179
2178 2180 2177
2180 2179 2177
2180 2178 2181
2179 2180 2182
2181 2183 2180
2183 2182 2180
2183 2181 2184
2182 2183 2185
2184 2186 2183
2186 2185 2183
2186 2184 2187
2185 2186 2188
2189 2188 2186
2189 2186 2187
2190 2189 2187
2188 2189 2191
2190 2192 2189
2192 2190 2193
2189 2194 2191
2194 2189 2192
2195 2192 2193
2192 2195 2196
2192 2197 2194
2197 2192 2196
2198 2196 2195
2196 2198 2199
2196 2200 2197
2200 2196 2199
2190 2187 2201
2202 2190 2201
2201 2203 2202
2204 2202 2203
2205 2204 2203
2204 2205 2206
2207 2206 2205
2206 2207 2208
2207 2209 2208
2210 2208 2209
2211 2210 2209
2210 2211 2212
2213 2212 2211
2212 2213 2214
2215 2214 2213
2214 2215 2216
2217 2216 2215
2216 2217 2218
2219 2211 2209
2209 2207 2219
2211 2219 2220
2220 2213 2211
2208 2210 2221
2221 2206 2208
2222 2219 2207
2219 2222 2223
2223 2220 2219
2178 2223 2222
2223 2178 2174
2174 2224 2223
2220 2223 2224
2224 2174 2171
2171 2225 2224
2225 2171 2168
2165 2225 2168
2225 2165 2226
2162 2226 2165
2226 2162 2227
2159 2227 2162
2227 2159 2228
2156 2228 2159
2228 2156 2229
2154 2229 2156
2229 2230 2228
2230 2229 2231
2232 2231 2229
2232 2229 2154
2152 2232 2154
2232 2152 2233
2233 2234 2232
2231 2232 2234
2234 2233 2235
2236 2235 2233
2235 2236 2237
2236 2233 2149
2233 2152 2149
2238 2236 2149
2237 2236 2238
2239 2228 2230
2228 2239 2227
2238 2149 2240
2149 2151 2240
2241 2227 2239
2227 2241 2226
2241 2225 2226
2225 2241 2242
2215 2242 2241
2217 2215 2241
2217 2241 2239
2242 2215 2213
2213 2220 2242
2242 2224 2225
2224 2242 2220
2243 2238 2244
2238 2243 2245
2243 2246 2245
2246 2243 2247
2247 2248 2246
2248 2247 2249
2249 2250 2248
2250 2249 2251
2252 2249 2247
2251 2249 2252
2252 2253 2251
2254 2251 2253
2255 2251 2254
2255 2250 2251
2253 2256 2254
2256 2257 2254
2254 2257 2255
2255 2257 2258
2257 2259 2258
2155 2253 2252
2158 2256 2253
2158 2253 2155
2158 2260 2256
2260 2261 2256
2261 2257 2256
2257 2261 2262
2259 2257 2262
2261 2263 2262
2262 2263 2264
2262 2264 2259
2265 2264 2263
2264 2265 2266
2265 2267 2266
2267 2265 2268
2268 2269 2267
2269 2268 2270
2271 2270 2268
2270 2271 2272
2272 2271 2273
2271 2274 2273
2268 2275 2271
2275 2268 2265
2263 2275 2265
2271 2275 2274
2270 2276 2269
2275 2263 2277
2278 2275 2277
2279 2278 2277
2277 2260 2279
2278 2280 2275
2274 2275 2280
2260 2277 2261
2280 2281 2274
2281 2280 2282
2278 2282 2280
2278 2283 2282
2279 2283 2278
2283 2279 2164
2164 2279 2161
2161 2279 2260
2260 2158 2161
2274 2284 2273
2285 2273 2284
2273 2285 2286
2287 2286 2285
2286 2287 2288
2284 2274 2281
2289 2288 2287
2288 2289 2290
2291 2290 2289
2290 2291 2292
2293 2292 2291
2292 2293 2294
2295 2294 2293
2294 2295 2296
2296 2295 2297
2272 2273 2298
2298 2299 2272
2300 2272 2299
2301 2300 2299
2301 2302 2300
2303 2300 2302
2300 2303 2276
2276 2270 2300
2270 2272 2300
2303 2302 2304
2305 2304 2302
2306 2304 2305
2307 2308 2309
2310 2307 2309
2309 2311 2310
2312 2310 2311
2310 2312 2313
2314 2313 2312
2313 2314 2315
2316 2315 2314
2315 2316 2317
2318 2317 2316
2317 2318 2319
2320 2319 2318
2319 2320 2321
2322 2321 2320
2321 2322 2323
2324 2323 2322
2323 2324 2325
2326 2325 2324
2327 2326 2324
2328 2326 2327
2326 2328 2329
2330 2329 2328
2329 2330 2331
2332 2331 2330
2331 2332 2333
2334 2333 2332
2333 2334 2335
2336 2335 2334
2335 2336 2337
2338 2337 2336
2337 2338 2339
2340 2339 2338
2339 2340 2341
2342 2341 2340
2343 2344 2345
2344 2343 2346
2346 2347 2344
2347 2346 2348
2343 2345 2349
2348 2350 2347
2350 2348 2351
2351 2352 2350
2352 2351 2353
2353 2354 2352
2354 2353 2355
2355 2356 2354
2356 2355 2357
2358 2356 2357
2359 2360 2361
2360 2359 2362
2363 2359 2361
2359 2363 2364
2365 2361 2360
2361 2365 2366
2361 2367 2363
2367 2361 2368
2365 2369 2366
2369 2365 2370
2371 2369 2370
2372 2367 2368
2367 2372 2373
2374 2373 2372
2199 2362 2359
2364 2199 2359
2362 2199 2198
2199 2364 2200
2375 2376 2377
2378 2376 2375
2378 2375 2379
2380 2378 2379
2378 2380 2381
2381 2382 2378
2383 2378 2382
2378 2383 2376
2384 2382 2381
2382 2384 2385
2385 2386 2382
2382 2386 2383
2386 2385 2387
2388 2387 2385
2387 2388 2389
2385 2390 2388
2390 2385 2384
2388 2391 2389
2391 2388 2392
2388 2393 2392
2393 2388 2390
2392 2394 2391
2394 2392 2395
2392 2396 2395
2396 2392 2393
2395 2397 2394
2397 2395 2398
2395 2399 2398
2399 2395 2396
2398 2400 2397
2400 2398 2401
2398 2402 2401
2402 2398 2399
2403 2401 2402
2401 2403 2404
2404 2405 2401
2405 2400 2401
2406 2404 2403
2406 2407 2404
2407 2405 2404
2408 2407 2406
2206 2221 2409
2409 2204 2206
2204 2409 2410
2410 2411 2204
2411 2410 2412
2202 2204 2411
2411 2190 2202
2411 2413 2190
2412 2413 2411
2412 2414 2413
2414 2415 2413
2413 2415 2190
2416 2207 2205
2207 2416 2222
2181 2222 2416
2222 2181 2178
2205 2417 2416
2417 2205 2203
2184 2416 2417
2416 2184 2181
2203 2201 2417
2417 2187 2184
2201 2187 2417
2418 2419 2420
2419 2421 2420
2421 2419 2422
2423 2420 2421
2420 2423 2424
2424 2425 2420
2418 2420 2425
2425 2424 2426
2427 2426 2424
2423 2427 2424
2426 2427 2428
2422 2419 2429
2419 2418 2429
2418 2430 2429
2429 2430 2431
2432 2423 2421
2433 2421 2422
2433 2432 2421
2433 2422 2434
2434 2422 2435
2435 2422 2429
2429 2436 2435
2431 2436 2429
2435 2436 2437
2436 2438 2437
2436 2431 2438
2438 2439 2437
2439 2438 2440
2441 2439 2440
2439 2441 2442
2443 2442 2441
2442 2443 2444
2444 2445 2442
2445 2444 2446
2446 2447 2445
2445 2447 2448
2449 2442 2445
2442 2449 2439
2449 2437 2439
2445 2448 2449
2444 2443 2450
2437 2449 2451
2452 2451 2449
2453 2451 2452
2451 2453 2434
2452 2449 2454
2448 2454 2449
2434 2435 2451
2455 2454 2448
2454 2455 2456
2452 2454 2456
2452 2456 2457
2457 2453 2452
2453 2457 2458
2458 2459 2453
2459 2434 2453
2434 2459 2433
2460 2448 2447
2447 2461 2460
2461 2447 2462
2462 2463 2461
2463 2462 2464
2448 2460 2455
2464 2465 2463
2465 2464 2466
2466 2467 2465
2467 2466 2468
2468 2469 2467
2469 2468 2470
2470 2471 2469
2471 2470 2472
2472 2473 2471
2473 2472 2474
2474 2475 2473
2476 2477 2478
2478 2477 2479
2480 2477 2476
2480 2481 2477
2482 2481 2480
2483 2478 2479
2483 2484 2478
2484 2483 2485
2485 2486 2484
2486 2487 2484
2487 2486 2488
2489 2487 2488
2489 2490 2487
2489 2491 2490
2491 2492 2490
2490 2492 2493
2494 2495 2496
2496 2495 2446
2497 2446 2495
2446 2497 2447
2494 2496 2498
2499 2498 2496
2496 2450 2499
2450 2496 2444
2444 2496 2446
2499 2500 2498
2501 2498 2500
2502 2501 2500
2503 2504 2428
2505 2504 2503
2503 2506 2505
2428 2427 2503
2503 2427 2507
2506 2503 2507
2427 2423 2507
2508 2507 2423
2432 2508 2423
2509 2510 2511
2510 2509 2512
2513 2511 2510
2511 2513 2514
2515 2514 2513
2514 2515 2516
2517 2516 2515
2516 2517 2518
2519 2518 2517
2518 2519 2520
2521 2520 2519
2520 2521 2522
2523 2522 2521
2522 2523 2524
2524 2523 2525
2526 2512 2509
2512 2526 2527
2526 2528 2527
2528 2526 2529
2528 2529 2530
2529 2531 2530
2530 2531 2532
2531 2533 2532
2534 2535 2536
2535 2534 2537
2538 2536 2535
2536 2538 2539
2540 2539 2538
2539 2540 2541
2542 2541 2540
2541 2542 2543
2544 2543 2542
2543 2544 2545
2546 2537 2534
2537 2546 2547
2548 2547 2546
2547 2548 2549
2549 2548 2550
2545 2544 2551
2545 2551 2552
2552 2551 2553
2552 2553 2554
2553 2555 2554
2555 2553 2556
2556 2557 2555
2556 2558 2557
2437 2451 2435
2375 2559 2379
2560 2561 2562
2563 2561 2560
2561 2563 2564
2562 2565 2560
2566 2564 2563
2564 2566 2567
2568 2565 2562
2565 2568 2569
2570 2569 2568
2569 2570 2571
2572 2571 2570
2571 2572 2573
2572 2574 2573
2574 2572 2575
2575 2576 2574
2576 2575 2577
2577 2578 2576
2578 2577 2579
2580 2578 2579
2579 2581 2580
2582 2580 2581
2582 2583 2580
2582 2584 2583
2584 2582 2585
2584 2585 2586
2585 2587 2586
2588 2586 2587
2586 2588 2589
2584 2586 2590
2591 2590 2586
2590 2591 2592
2593 2592 2591
2588 2594 2589
2594 2588 2595
2595 2596 2594
2596 2595 2597
2598 2596 2597
2599 2600 2601
2600 2599 2602
2602 2603 2600
2603 2602 2604
2605 2603 2604
2603 2605 2606
2606 2607 2603
2607 2606 2608
2605 2609 2606
2609 2608 2606
2609 2605 2610
2608 2609 2611
2612 2609 2610
2609 2612 2613
2614 2609 2613
2609 2614 2611
2613 2615 2614
2615 2613 2616
2616 2613 2612
2617 2616 2612
2617 2618 2616
2618 2617 2619
2620 2616 2618
2616 2620 2615
2621 2618 2619
2618 2621 2622
2618 2623 2620
2623 2618 2624
2625 2622 2621
2622 2625 2626
2624 2627 2623
2627 2624 2628
2629 2626 2625
2626 2629 2630
2628 2631 2627
2631 2628 2632
2633 2630 2629
2634 2631 2632
2635 2636 2637
2636 2635 2638
2639 2637 2636
2637 2639 2640
2641 2638 2635
2638 2641 2642
2643 2640 2639
2644 2643 2639
2644 2645 2643
2645 2644 2646
2647 2645 2646
2645 2647 2648
2649 2648 2647
2648 2649 2650
2651 2650 2649
2650 2651 2652
2653 2652 2651
2652 2653 2654
2655 2654 2653
2642 2641 2656
2642 2656 2657
2656 2658 2657
2658 2656 2659
2659 2660 2658
2660 2659 2661
2660 2661 2662
2661 2663 2662
2660 2662 2664
2657 2665 2642
2665 2666 2642
2666 2665 2667
2667 2668 2666
2668 2667 2669
2669 2670 2668
2670 2671 2668
2670 2672 2671
2672 2670 2673
2673 2674 2672
2674 2673 2675
2675 2676 2674
2676 2675 2677
2678 2676 2677
2669 2679 2670
2680 2670 2679
2670 2680 2681
2682 2681 2680
2681 2682 2683
2684 2683 2682
2683 2684 2685
2686 2685 2684
2687 2688 2689
2688 2687 2690
2688 2691 2689
2691 2688 2692
2692 2693 2691
2693 2692 2694
2694 2695 2693
2695 2694 2696
2697 2695 2696
2690 2687 2643
2698 2643 2687
2687 2699 2698
2687 2700 2699
2700 2701 2699
2700 2702 2701
2702 2700 2703
2703 2704 2702
2704 2703 2705
2706 2704 2705
2704 2706 2707
2706 2708 2707
2708 2706 2709
2708 2709 2710
2640 2643 2698
2711 2600 2712
2600 2711 2601
2711 2713 2601
2713 2711 2714
2715 2601 2713
2601 2715 2599
2603 2712 2600
2712 2603 2607
2716 2599 2715
2599 2716 2717
2717 2602 2599
2602 2717 2718
2718 2604 2602
2604 2718 2719
2720 2604 2719
2604 2720 2605
2721 2605 2720
2605 2721 2610
2722 2610 2721
2610 2722 2612
2723 2612 2722
2724 2719 2718
2719 2724 2725
2725 2720 2719
2726 2725 2724
2724 2727 2726
2727 2724 2728
2718 2728 2724
2729 2727 2728
2725 2726 2730
2731 2725 2730
2725 2731 2732
2720 2725 2732
2732 2721 2720
2733 2732 2731
2732 2733 2734
2721 2732 2734
2734 2722 2721
2735 2734 2733
2734 2735 2736
2722 2734 2736
2737 2736 2735
2736 2737 2738
2722 2738 2723
2738 2722 2736
2739 2738 2737
2738 2739 2740
2740 2723 2738
2723 2740 2741
2742 2723 2741
2723 2742 2617
2741 2743 2742
2743 2741 2744
2745 2743 2744
2744 2746 2745
2746 2744 2747
2747 2741 2740
2741 2747 2744
2743 2745 2748
2749 2740 2739
2740 2749 2750
2747 2740 2750
2751 2750 2749
2750 2751 2752
2750 2753 2747
2753 2750 2752
2754 2752 2751
2754 2753 2752
2755 2745 2746
2745 2755 2756
2757 2756 2755
2756 2757 2758
2759 2748 2745
2748 2759 2760
2761 2760 2759
2760 2761 2762
2763 2758 2757
2764 2762 2761
2765 2766 2767
2766 2765 2768
2767 2769 2765
2769 2767 2770
2770 2771 2769
2771 2770 2772
2771 2772 2773
2771 2773 2774
2768 2775 2766
2775 2768 2776
2776 2777 2775
2777 2776 2778
2779 2778 2776
2778 2779 2780
2778 2781 2777
2781 2778 2782
2780 2782 2778
2782 2780 2783
2776 2768 2784
2779 2776 2784
2771 2774 2785
2785 2769 2771
2769 2785 2786
2786 2765 2769
2765 2786 2787
2784 2765 2787
2788 2780 2779
2788 2779 2784
2788 2784 2789
2784 2787 2789
2780 2788 2790
2790 2783 2780
2791 2790 2788
2791 2788 2789
2790 2791 2792
2792 2793 2790
2783 2790 2793
2793 2792 2794
2782 2714 2781
2793 2715 2783
2713 2783 2715
2714 2782 2713
2783 2713 2782
2715 2793 2716
2716 2793 2794
2716 2794 2795
2714 2796 2781
2797 2781 2796
2796 2798 2797
2799 2797 2798
2797 2799 2800
2800 2777 2797
2781 2797 2777
2777 2800 2775
2798 2796 2801
2796 2714 2802
2802 2801 2796
2803 2800 2799
2800 2803 2804
2805 2804 2803
2804 2805 2806
2805 2807 2806
2770 2806 2807
2808 2770 2807
2770 2808 2772
2809 2808 2807
2807 2805 2809
2808 2809 2810
2806 2770 2767
2767 2804 2806
2804 2767 2766
2808 2810 2811
2808 2811 2773
2772 2808 2773
2766 2800 2804
2800 2766 2775
2812 2813 2580
2580 2813 2578
2812 2814 2813
2812 2815 2814
2815 2812 2816
2816 2817 2815
2817 2816 2818
2818 2819 2817
2819 2818 2820
2821 2819 2820
2728 2718 2717
2717 2795 2728
2729 2728 2795
2717 2716 2795
2822 2823 2824
2823 2822 2825
2825 2826 2823
2826 2825 2827
2827 2828 2826
2828 2827 2829
2830 2829 2827
2830 2827 2825
2829 2830 2831
2829 2832 2828
2832 2829 2833
2831 2833 2829
2833 2831 2834
2833 2835 2832
2835 2833 2836
2833 2837 2836
2837 2833 2834
2836 2838 2835
2838 2836 2839
2837 2839 2836
2839 2837 2840
2839 2841 2838
2841 2839 2842
2840 2842 2839
2842 2840 2843
2842 2844 2841
2844 2842 2845
2843 2845 2842
2845 2843 2846
2845 2847 2844
2847 2845 2848
2846 2848 2845
2848 2846 2849
2848 2850 2847
2850 2848 2851
2849 2851 2848
2851 2849 2852
2851 2853 2850
2853 2851 2854
2852 2854 2851
2854 2852 2855
2854 2856 2853
2856 2854 2857
2855 2857 2854
2857 2858 2856
2858 2857 2859
2857 2860 2859
2860 2857 2861
2857 2855 2861
2859 2862 2858
2862 2859 2863
2864 2862 2863
2864 2863 2865
2859 2865 2863
2865 2859 2860
2866 2867 2868
2868 2867 2869
2866 2870 2867
2871 2870 2866
2872 2871 2866
2872 2873 2871
2873 2872 2874
2875 2873 2874
2873 2875 2876
2877 2876 2875
2876 2877 2878
2877 2879 2878
2879 2877 2880
2880 2881 2879
2881 2880 2882
2882 2883 2881
2883 2882 2884
2884 2885 2883
2885 2884 2886
2887 2885 2886
2888 2889 2890
2889 2888 2891
2892 2891 2888
2891 2892 2893
2894 2893 2892
2893 2894 2895
2896 2895 2894
2895 2896 2897
2898 2897 2896
2897 2898 2899
2900 2899 2898
2899 2900 2901
2902 2901 2900
2901 2902 2903
2904 2903 2902
2785 2774 2905
2822 2824 2906
2907 2908 2909
2907 2910 2908
2910 2907 2911
2912 2910 2911
2910 2912 2913
2914 2913 2912
2913 2914 2915
2914 2916 2915
2916 2914 2917
2917 2918 2916
2918 2917 2919
2919 2920 2918
2921 2922 2923
2922 2921 2924
2925 2923 2922
2923 2925 2926
2925 2927 2926
2927 2925 2928
2928 2929 2927
2929 2928 2930
2930 2931 2929
2931 2930 2932
2932 2933 2931
2933 2932 2934
2934 2935 2933
2935 2934 2936
2937 2935 2936
2937 2936 2938
2939 2938 2936
2938 2939 2940
2941 2940 2939
2940 2941 2942
2943 2942 2941
2942 2943 2944
2945 2944 2943
2944 2945 2946
2947 2946 2945
2946 2947 2948
2922 2948 2947
2948 2922 2949
2924 2949 2922
2949 2924 2711
2802 2711 2924
2924 2950 2802
2950 2924 2921
2801 2802 2950
2711 2802 2714
2784 2768 2765
2723 2617 2612
2951 2952 2953
2951 2954 2952
2954 2951 2955
2955 2956 2954
2956 2955 2957
2957 2958 2956
2958 2957 2959
2959 2960 2958
2960 2959 2961
2961 2962 2960
2962 2961 2963
2963 2964 2962
2964 2963 2965
2965 2966 2964
2966 2965 2967
2967 2968 2966
2968 2967 2969
2969 2970 2968
2970 2969 2971
2971 2972 2970
2972 2971 2973
2973 2974 2972
2974 2973 2975
2975 2976 2974
2976 2975 2977
2978 2976 2977
2979 2980 2981
2980 2982 2981
2983 2980 2979
2980 2983 2984
2984 2982 2980
2982 2984 2985
2986 2984 2983
2984 2986 2987
2988 2985 2984
2985 2988 2989
2990 2987 2986
2987 2990 2991
2992 2989 2988
2989 2992 2993
2994 2991 2990
2991 2994 2995
2996 2993 2992
2993 2996 2997
2998 2995 2994
2995 2998 2999
3000 2997 2996
2997 3000 3001
3002 2999 2998
2999 3002 3003
3004 3001 3000
3001 3004 3005
3006 3003 3002
3003 3006 3007
3008 3005 3004
3005 3008 3009
3010 3007 3006
3007 3010 3011
3012 3009 3008
3009 3012 3013
3014 3011 3010
3011 3014 3015
3016 3013 3012
3013 3016 3017
3018 3015 3014
3015 3018 3019
3020 3017 3016
3017 3020 3021
3022 3019 3018
3019 3022 3023
3024 3021 3020
3021 3024 3025
3026 3023 3022
3023 3026 3027
3028 3027 3026
3029 3025 3024
3025 3029 3030
3031 3030 3029
3032 3033 3034
3032 3035 3033
3035 3032 3036
3036 3037 3035
3037 3036 3038
3038 3039 3037
3039 3038 3040
3040 3041 3039
3041 3040 3042
3042 3043 3041
3043 3042 3044
3044 3045 3043
3045 3044 3046
3046 3047 3045
3047 3046 3048
3048 3049 3047
3049 3048 3050
3050 3051 3049
3051 3050 3052
3052 3053 3051
3053 3052 3054
3054 3055 3053
3055 3054 3056
3056 3057 3055
3057 3056 3058
3059 3057 3058
3060 3061 3062
3063 3061 3060
3063 3064 3061
3061 3064 3062
3064 3065 3062
3066 3063 3060
3066 3060 3067
3068 3067 3060
3069 3067 3068
3070 3066 3067
3071 3070 3067
3071 3067 3069
3060 3062 3072
3060 3072 3068
3073 3074 3075
3073 3075 3076
3073 3076 3077
3077 3078 3073
3074 3079 3075
3078 3077 3080
3077 3081 3080
3081 3082 3080
3083 3082 3081
3084 3085 3086
3084 3086 3087
3088 3084 3087
3089 3088 3087
3090 3091 3092
3093 3090 3092
3093 3094 3090
3095 3094 3093
3096 3094 3095
3096 3095 3097
3098 3096 3097
3099 3100 3101
3102 3099 3101
3103 3102 3101
3103 3104 3102
3104 3105 3102
3104 3106 3105
3106 3107 3105
3099 3108 3100
3109 3110 3111
3110 3109 3112
3113 3112 3109
3113 3114 3112
3115 3109 3116
3109 3115 3117
3115 3118 3117
3118 3115 3119
3118 3119 3120
3121 3109 3117
3122 3117 3118
3122 3121 3117
3123 3122 3118
3124 3123 3118
3124 3118 3120
3125 3124 3120
3126 3127 3128
3127 3126 3129
3130 3131 3132
3130 3132 3133
3134 3130 3133
3134 3133 3135
3136 3134 3135
3137 3138 3139
3137 3140 3138
3140 3141 3138
3142 3140 3137
3142 3143 3140
3144 3143 3142
3144 3145 3143
3146 3147 3148
3147 3146 3149
3150 3148 3147
3148 3150 3151
3152 3153 3154
3153 3152 3155
3152 3156 3155
3156 3152 3157
3158 3156 3157
3156 3158 3159
3160 3161 3162
3161 3160 3163
3164 3165 3166
3165 3164 3167
3164 3168 3167
3168 3164 3169
3169 3170 3168
3170 3169 3171
3172 3173 3174
3173 3172 3175
3176 3174 3173
3174 3176 3177
3178 3175 3172
3175 3178 3179
3180 3181 3182
3181 3180 3183
3182 3184 3180
3184 3182 3185
3186 3187 3188
3186 3188 3189
3190 3186 3189
3190 3191 3186
3190 3192 3191
3192 3193 3191
3194 3190 3189
3195 3190 3194
3194 3196 3195
3194 3197 3196
3194 3198 3197
3194 3199 3198
3200 3201 3202
3201 3203 3202
3203 3201 3204
3205 3203 3204
3203 3205 3206
3207 3206 3205
3206 3207 3208
3209 3208 3207
3208 3209 3210
3211 3210 3209
3210 3211 3212
3211 3213 3212
3213 3211 3214
3214 3215 3213
3215 3214 3216
3216 3217 3215
3217 3216 3218
3218 3219 3217
3219 3218 3220
3220 3221 3219
3221 3220 3222
3223 3221 3222
3221 3223 3224
3225 3224 3223
3224 3225 3226
3227 3226 3225
3200 3228 3229
3228 3230 3229
3230 3231 3229
3230 3232 3231
3232 3230 3233
3234 3232 3233
3235 3234 3233
3235 3236 3234
3236 3235 3237
3237 3238 3236
3238 3237 3239
3239 3240 3238
3240 3239 3241
3241 3242 3240
3242 3241 3243
3243 3244 3242
3244 3243 3245
3245 3246 3244
3246 3245 3247
3247 3248 3246
3248 3247 3249
3250 3248 3249
3248 3250 3251
3252 3251 3250
3251 3252 3253
3254 3253 3252
3255 3256 3257
3256 3255 3258
3259 3255 3257
3255 3259 3260
3258 3261 3256
3261 3258 3262
3259 3263 3260
3263 3259 3264
3264 3265 3263
3265 3264 3266
3265 3266 3267
3262 3268 3261
3268 3262 3269
3269 3270 3268
3270 3269 3271
3271 3272 3270
3272 3271 3273
3274 3272 3273
3272 3274 3275
3265 3267 3276
3267 3277 3276
3275 3274 3278
3279 3275 3278
3280 3279 3278
3280 3281 3279
3280 3282 3281
3283 3284 3285
3284 3283 3286
3287 3285 3284
3285 3287 3288
3289 3288 3287
3288 3289 3290
3289 3291 3290
3291 3289 3292
3291 3292 3293
3294 3286 3283
3286 3294 3295
3296 3295 3294
3295 3296 3297
3298 3297 3296
3297 3298 3299
3300 3299 3298
3299 3300 3301
3302 3301 3300
3301 3302 3303
3304 3303 3302
3303 3304 3305
3304 3306 3305
3292 3307 3293
3307 3308 3293
3304 3309 3306
3310 3306 3309
3311 3312 3313
3311 3314 3312
3315 3313 3312
3313 3315 3316
3315 3317 3316
3317 3315 3318
3319 3317 3318
3317 3319 3320
3321 3320 3319
3320 3321 3322
3323 3322 3321
3322 3323 3324
3325 3324 3323
3324 3325 3326
3327 3326 3325
3326 3327 3328
3329 3328 3327
3328 3329 3330
3331 3330 3329
3330 3331 3332
3333 3332 3331
3332 3333 3334
3335 3334 3333
3334 3335 3336
3335 3337 3336
3337 3335 3338
3338 3339 3337
3339 3338 3340
3341 3339 3340
3342 3343 3344
3343 3342 3345
3346 3345 3342
3345 3346 3347
3348 3347 3346
3347 3348 3349
3350 3349 3348
3349 3350 3351
3352 3351 3350
3351 3352 3353
3354 3344 3343
3344 3354 3355
3315 3355 3354
3355 3315 3356
3357 3353 3352
3353 3357 3358
3359 3358 3357
3358 3359 3360
3361 3360 3359
3360 3361 3362
3363 3362 3361
3362 3363 3364
3363 3365 3364
3365 3363 3366
3367 3365 3366
3312 3356 3315
3356 3312 3314
3368 3369 3370
3369 3368 3371
3371 3372 3369
3372 3371 3373
3370 3374 3368
3374 3370 3375
3376 3374 3375
3374 3376 3377
3378 3377 3376
3377 3378 3379
3378 3380 3379
3380 3378 3381
3373 3382 3372
3382 3373 3383
3383 3384 3382
3384 3383 3385
3386 3384 3385
3384 3386 3387
3388 3387 3386
3387 3388 3389
3390 3389 3388
3389 3390 3391
3391 3390 3392
3381 3393 3380
3393 3381 3394
3394 3395 3393
3395 3394 3396
3395 3396 3397
3398 3399 3400
3401 3399 3398
3399 3401 3402
3401 3403 3402
3403 3401 3404
3404 3405 3403
3405 3404 3406
3406 3407 3405
3407 3406 3408
3408 3409 3407
3409 3408 3410
3410 3411 3409
3411 3410 3412
3412 3413 3411
3413 3412 3414
3414 3415 3413
3415 3414 3416
3416 3417 3415
3417 3416 3418
3418 3419 3417
3419 3418 3420
3420 3421 3419
3421 3420 3422
3423 3421 3422
3421 3423 3424
3425 3424 3423
3424 3425 3426
3426 3425 3427
1838 1841 3428
3429 3430 3431
3430 3429 3432
3429 3433 3432
3433 3429 3434
3433 3435 3432
3435 3433 3436
3436 3437 3435
3437 3436 3438
3439 3438 3436
3438 3439 3440
3441 3436 3433
3436 3441 3439
3434 3441 3433
3442 3440 3439
3441 3442 3439
3440 3442 3443
3442 3441 3444
3445 3443 3442
3443 3445 3446
3447 3442 3444
3442 3447 3445
3447 3444 3448
3449 3447 3448
3447 3449 3450
3450 3445 3447
3451 3450 3449
3450 3451 3452
3453 3452 3451
3452 3453 3454
3453 3455 3454
3455 3453 3456
3457 3446 3445
3445 3450 3457
3452 3457 3450
3446 3457 3458
3459 3458 3457
3457 3452 3459
3454 3459 3452
3458 3459 3460
3461 3460 3459
3459 3454 3461
3455 3461 3454
3460 3461 3462
3463 3462 3461
3461 3455 3463
3462 3463 3464
3456 3465 3455
3465 3463 3455
3465 3456 3466
3466 3467 3465
3467 3466 3468
3468 3469 3467
3469 3468 3470
3470 3471 3469
3471 3470 3472
3472 3473 3471
3473 3472 3474
3474 3475 3473
3475 3474 3476
3476 3477 3475
3477 3476 3478
3479 3477 3478
3477 3479 3480
3467 3481 3465
3481 3467 3482
3483 3481 3482
3481 3483 3484
3485 3471 3473
3471 3485 3486
3473 3487 3485
3487 3473 3475
3475 3488 3487
3488 3475 3477
3477 3489 3488
3489 3477 3480
3480 3490 3489
3490 3480 3491
3480 3492 3491
3492 3480 3479
3484 3463 3481
3463 3465 3481
3463 3484 3464
3493 3490 3491
3493 3491 3494
3491 3492 3494
3494 3495 3493
3495 3494 3496
3497 3495 3496
3498 3486 3499
3486 3498 3500
3501 3500 3498
3500 3501 3502
3483 3502 3501
3502 3483 3482
3482 3467 3502
3469 3502 3467
3500 3502 3469
3469 3486 3500
3486 3469 3471
3503 3499 3486
3499 3503 3504
3503 3505 3504
3505 3503 3506
3506 3507 3505
3507 3506 3508
3508 3509 3507
3509 3508 3510
3510 3511 3509
3511 3510 3512
3512 3513 3511
3513 3512 3514
3514 3515 3513
3515 3514 3516
3517 3515 3516
3518 3519 3520
3519 3518 3521
3521 3522 3519
3522 3521 3523
3520 3524 3518
3524 3520 3525
3524 3525 3526
3524 3526 3527
3527 3526 3528
3528 3529 3527
3527 3529 3530
3530 3529 3531
3532 3530 3531
3530 3532 3533
3534 3533 3532
3535 3522 3523
3536 3537 3538
3537 3536 3539
3540 3538 3537
3538 3540 3541
3542 3541 3540
3541 3542 3543
3544 3543 3542
3543 3544 3545
3546 3545 3544
3545 3546 3547
3548 3547 3546
3547 3548 3549
3550 3549 3548
3549 3550 3551
3550 3552 3551
3536 3553 3539
3536 3554 3553
3554 3555 3553
3555 3554 3556
3557 3554 3536
3558 3557 3536
3557 3558 3559
3560 3559 3558
3559 3560 3561
3562 3561 3560
3561 3562 3563
3564 3563 3562
3563 3564 3565
3566 3565 3564
3565 3566 3567
3568 3567 3566
3556 3569 3555
3556 3570 3569
3569 3570 3571
3570 3572 3571
3572 3570 3573
3574 3575 3576
3575 3574 3577
3578 3574 3576
3574 3578 3579
3580 3579 3578
3579 3580 3581
3582 3581 3580
3581 3582 3583
3584 3583 3582
3583 3584 3585
3586 3585 3584
3585 3586 3587
3588 3587 3586
3587 3588 3589
3589 3588 3590
3575 3577 3591
3592 3593 3594
3595 3593 3592
3593 3595 3596
3594 3593 3597
3598 3594 3597
3594 3598 3599
3598 3600 3599
3600 3598 3601
3601 3602 3600
3602 3601 3603
3603 3604 3602
3604 3603 3605
3605 3606 3604
3606 3605 3607
3607 3608 3606
3608 3607 3609
3608 3609 3610
3596 3595 3611
3612 3613 3614
3615 3612 3616
3617 3615 3616
3617 3616 3618
3618 3619 3617
3619 3618 3620
3620 3621 3619
3621 3620 3622
3623 3621 3622
3621 3623 3624
3625 3624 3623
3624 3625 3626
3627 3626 3625
3628 3629 3630
3629 3628 3631
3628 3632 3631
3632 3628 3633
3633 3634 3632
3634 3633 3635
3635 3636 3634
3636 3635 3637
3637 3638 3636
3638 3637 3639
3640 3638 3639
3629 3641 3630
3642 3643 3644
3643 3642 3645
3644 3646 3642
3646 3644 3647
3648 3645 3642
3645 3648 3649
3647 3650 3646
3650 3647 3651
3652 3648 3642
3652 3642 3646
3653 3649 3648
3654 3653 3648
3649 3653 3655
3656 3655 3653
3655 3656 3657
3435 3657 3656
3656 3432 3435
3432 3656 3430
3653 3430 3656
3657 3435 3437
3430 3653 3658
3658 3653 3654
3658 3431 3430
3431 3658 3659
3660 3658 3654
3658 3660 3659
3654 3661 3660
3661 3652 3662
3652 3661 3663
3661 3654 3663
3654 3648 3663
3663 3648 3652
3646 3662 3652
3662 3646 3650
3664 3665 3666
3665 3664 3667
3668 3666 3665
3666 3668 3669
3670 3669 3668
3669 3670 3671
3672 3671 3670
3671 3672 3673
3674 3673 3672
3673 3674 3675
3676 3675 3674
3675 3676 3677
3678 3677 3676
3677 3678 3679
3679 3678 3680
3681 3667 3664
3667 3681 3682
3681 3683 3682
3683 3681 3684
3684 3685 3683
3685 3684 3686
3686 3687 3685
3687 3686 3688
3688 3689 3687
3688 3690 3689
3690 3691 3689
3689 3691 3692
3647 3693 3651
3693 3647 3694
3647 3695 3694
3696 3695 3647
3696 3647 3644
3697 3696 3644
3697 3644 3643
3441 3434 3698
3698 3444 3441
3444 3698 3699
3699 3448 3444
3448 3699 3700
3700 3701 3448
3449 3448 3701
3701 3700 3702
3701 3451 3449
3451 3701 3703
3702 3703 3701
3703 3702 3704
3703 3453 3451
3453 3703 3705
3704 3705 3703
3705 3704 3706
3705 3456 3453
3456 3705 3707
3706 3707 3705
3707 3706 3708
3709 3456 3707
3708 3709 3707
3456 3709 3466
3709 3708 3710
3711 3466 3709
3710 3711 3709
3466 3711 3468
3711 3710 3712
3713 3468 3711
3712 3713 3711
3468 3713 3470
3713 3712 3714
3713 3472 3470
3472 3713 3715
3714 3715 3713
3715 3714 3716
3715 3717 3472
3717 3715 3718
3716 3718 3715
3718 3716 3719
3718 3720 3717
3720 3718 3721
3719 3721 3718
3721 3719 3722
3721 3723 3720
3723 3721 3724
3722 3724 3721
3724 3722 3725
3724 3726 3723
3726 3724 3727
3725 3727 3724
3727 3725 3728
3727 3729 3726
3729 3727 3730
3728 3730 3727
3731 3729 3730
3731 3730 3732
3730 3728 3732
3733 3734 3735
3733 3735 3736
3736 3737 3733
3738 3737 3736
3739 3737 3738
3739 3738 3740
3740 3741 3739
3741 3740 3742
3742 3743 3741
3743 3742 3744
3744 3745 3743
3745 3744 3746
3747 3745 3746
3745 3747 3748
3749 3748 3747
3748 3749 3750
3749 3751 3750
3751 3749 3752
3753 3751 3752
3751 3753 3754
3755 3754 3753
3754 3755 3756
3757 3756 3755
3756 3757 3758
3759 3758 3757
3760 3761 3762
3763 3761 3760
3760 3764 3763
3764 3760 3765
3765 3766 3764
3766 3765 3767
3763 3768 3761
3767 3769 3766
3769 3767 3770
3770 3771 3769
3771 3770 3772
3772 3773 3771
3773 3772 3774
3775 3773 3774
3773 3775 3776
3777 3776 3775
3776 3777 3778
3779 3778 3777
3778 3779 3780
3781 3780 3779
3780 3781 3782
3783 3782 3781
3782 3783 3784
3785 3784 3783
3784 3785 3786
3787 3786 3785
3788 3789 3790
1786 3788 3790
3790 3789 3791
3789 1780 3791
1780 1779 3791
1786 1789 3788
3792 3793 3794
3795 3793 3792
3795 3796 3793
3796 3797 3793
3797 3796 3798
3798 3799 3797
3799 3798 3800
3801 3794 3793
3792 3802 3795
3802 3792 3803
3803 3804 3802
3804 3803 3805
3805 3806 3804
3806 3805 3807
3807 3808 3806
3808 3807 3809
3809 3810 3808
3810 3809 3811
3812 3810 3811
3813 3814 3799
3814 3813 3815
3814 3815 3816
1735 1734 3817
3818 3819 3820
3819 3818 3821
3822 3819 3821
3819 3822 3823
3824 3823 3822
3823 3824 3825
3826 3825 3824
3825 3826 3827
3828 3827 3826
3827 3828 3829
3830 3829 3828
3829 3830 3831
3832 3831 3830
3831 3832 3833
3818 3820 3834
3835 3833 3832
3833 3835 3836
3837 3836 3835
3834 3838 3839
3840 3841 3839
3820 3842 3834
3834 3842 3843
3844 3845 3846
3845 3844 3847
3846 3845 3848
3846 3848 3849
3850 3847 3851
3847 3850 3852
3853 3852 3850
3852 3853 3854
3855 3854 3853
3854 3855 3856
3855 3857 3856
3857 3855 3858
3858 3859 3857
3859 3858 3860
3860 3861 3859
3861 3860 3862
3862 3863 3861
3863 3862 3864
3864 3865 3863
3865 3864 3866
3866 3867 3865
3867 3866 3868
3868 3869 3867
3869 3868 3870
3871 3869 3870
3872 3873 3874
3873 3872 3875
3873 3876 3874
3877 3875 3872
3875 3877 3878
3879 3878 3877
3878 3879 3880
3881 3880 3879
3880 3881 3882
3883 3882 3881
3882 3883 3884
3885 3884 3883
3886 3884 3885
3885 3887 3886
3887 3885 3888
3888 3889 3887
3889 3888 3890
3890 3891 3889
3891 3890 3892
3893 3891 3892
3891 3893 3894
3895 3894 3893
3894 3895 3896
3893 3897 3895
3897 3893 3898
3899 3896 3895
3899 3895 3897
3900 3898 3893
3898 3900 3901
3902 3901 3900
3901 3902 3903
3904 3903 3902
3903 3904 3905
3906 3905 3904
3905 3906 3907
3908 3907 3906
3907 3908 3909
3910 3909 3908
3909 3910 3911
3910 3912 3911
3912 3910 3913
3913 3914 3912
3914 3913 3915
3915 3916 3914
3916 3915 3917
3917 3918 3916
3918 3917 3919
3918 3919 3920
3920 3921 3918
3922 3923 3924
3923 3925 3924
3926 3922 3924
3926 3924 3927
3928 3926 3927
3929 3925 3923
3930 3929 3923
3929 3930 3931
3931 3930 3932
3932 3930 3933
3933 3934 3932
3935 3934 3933
3935 3933 3936
3935 3936 3937
3937 3936 3938
3936 3939 3938
2243 3940 2247
2247 3940 2252
2150 2252 3940
2244 3940 2243
2155 2252 2150
3941 3942 3943
3942 3941 3944
3944 3945 3942
3945 3944 3946
3946 3947 3945
3947 3946 3948
3948 3949 3947
3949 3948 3950
3950 3951 3949
3951 3950 3952
3952 3953 3951
3953 3952 3954
3955 3953 3954
3956 3941 3943
3941 3956 3957
3958 3957 3956
3957 3958 3959
3958 3960 3959
3960 3961 3959
3960 3962 3961
3961 3962 3963
3964 3965 3966
3965 3964 3967
3967 3968 3965
3968 3967 3969
3969 3970 3968
3970 3969 3971
3971 3972 3970
3972 3971 3973
3973 3974 3972
3974 3973 3975
3966 3976 3964
3976 3966 3977
3977 3978 3976
3975 3979 3974
3975 3980 3979
3980 3981 3979
3980 3982 3981
3983 3981 3982
3981 3983 3984
3984 3983 3985
3984 3985 3986
2263 2261 2277
461 447 445
809 825 806
523 567 521
521 567 515
789 3987 793
3987 789 787
785 3987 787
785 3988 3987
785 3989 3988
3989 785 783
783 3990 3989
3990 783 781
781 3991 3990
3991 781 779
777 3991 779
3991 777 3992
774 3992 777
3992 774 3993
774 3994 3993
3994 774 772
772 3995 3994
3995 772 770
768 3995 770
3995 768 3996
766 3996 768
3996 766 3997
764 3997 766
3997 764 3998
3999 3998 764
762 3999 764
759 3999 762
3999 759 758
