byte offset: 0
first index: 0
index count: 14286
topology: trianglelist
format: DXGI_FORMAT_R16_UINT

0 1 2
1 0 3
2 4 0
4 2 5
6 3 0
4 6 0
3 6 7
6 4 8
1 9 2
9 1 10
2 11 5
11 2 9
3 12 1
12 10 1
12 3 13
7 13 3
13 7 14
10 12 15
16 4 5
17 10 15
10 17 18
18 19 10
19 9 10
19 20 9
20 11 9
5 21 16
21 5 11
13 22 12
22 15 12
22 13 23
14 23 13
23 14 24
15 22 25
25 17 15
17 25 26
23 27 22
27 25 22
27 23 28
24 28 23
28 24 29
25 27 30
30 26 25
26 30 31
28 32 27
29 32 28
27 32 30
30 32 31
20 33 11
33 21 11
34 21 33
34 35 21
35 16 21
16 35 36
36 37 16
37 36 38
38 39 37
8 37 39
37 8 4
16 37 4
39 38 40
35 41 36
41 38 36
41 35 42
38 41 43
43 40 38
44 35 34
44 42 35
40 43 45
42 46 41
46 43 41
46 42 47
43 46 48
48 45 43
49 42 44
49 47 42
45 48 50
51 46 47
52 47 49
52 51 47
53 48 46
51 53 46
48 53 54
54 50 48
50 54 55
56 53 51
57 51 52
57 56 51
58 54 53
56 58 53
54 58 59
59 55 54
55 59 60
61 58 56
62 56 57
62 61 56
63 59 58
61 63 58
59 63 64
64 60 59
60 64 65
66 63 61
67 61 62
67 66 61
68 64 63
66 68 63
64 68 69
69 65 64
65 69 70
71 68 66
72 66 67
72 71 66
73 69 68
71 73 68
69 73 74
74 70 69
70 74 75
76 71 72
77 73 71
76 77 71
78 74 73
77 78 73
74 78 79
79 75 74
75 79 80
81 77 76
82 78 77
81 82 77
83 79 78
82 83 78
79 83 84
84 80 79
80 84 85
86 82 81
82 86 87
87 83 82
88 84 83
87 88 83
84 88 89
89 85 84
85 89 90
91 87 86
87 91 92
92 88 87
93 89 88
92 93 88
89 93 94
89 95 90
95 89 94
96 92 91
92 96 97
97 93 92
93 97 98
98 94 93
94 98 99
94 100 95
100 94 99
101 97 96
97 101 102
102 98 97
98 102 103
103 99 98
99 103 104
104 100 99
100 104 105
106 102 101
102 106 107
107 103 102
103 107 108
108 104 103
104 108 109
109 105 104
105 109 110
111 107 106
107 111 112
112 108 107
108 112 113
113 109 108
109 113 114
114 110 109
110 114 115
116 112 111
112 116 117
117 113 112
113 117 118
118 114 113
114 118 119
114 120 115
120 114 119
121 117 116
117 121 122
122 118 117
118 122 123
123 119 118
119 123 124
124 120 119
120 124 125
126 122 121
122 126 127
127 123 122
123 127 128
128 124 123
124 128 129
129 125 124
125 129 130
131 127 126
127 131 132
132 128 127
128 132 133
133 129 128
129 133 134
134 130 129
135 132 131
132 135 136
136 133 132
130 134 137
138 136 135
136 138 139
140 134 133
139 140 136
136 140 133
141 137 134
140 141 134
137 141 142
143 141 140
139 143 140
144 142 141
143 144 141
142 144 145
146 144 143
147 146 143
139 147 143
148 147 139
138 148 139
149 146 147
149 147 150
147 148 150
149 150 151
151 152 149
152 153 149
146 149 153
153 152 154
144 146 155
153 155 146
155 145 144
154 156 153
155 153 156
156 154 157
158 159 160
159 158 161
162 161 158
161 162 163
164 160 159
160 164 165
166 163 162
163 166 167
168 165 164
165 168 169
170 167 166
167 170 171
168 172 169
172 168 173
173 174 172
174 173 175
175 176 174
176 175 177
177 178 176
178 177 179
178 179 180
181 179 177
179 181 182
182 183 179
183 180 179
183 184 180
177 185 181
185 177 175
175 186 185
186 175 173
173 187 186
187 173 168
168 188 187
188 168 164
164 189 188
189 164 159
161 189 159
189 161 190
163 190 161
190 163 191
167 191 163
191 167 192
171 192 167
192 171 193
194 193 171
170 194 171
195 196 197
196 195 198
198 199 196
199 198 200
197 201 195
201 197 202
200 203 199
203 200 204
205 197 196
197 205 206
206 202 197
202 207 201
207 202 208
196 209 205
209 196 199
202 206 210
210 208 202
204 211 203
211 204 212
199 213 209
213 199 203
208 210 214
208 215 207
215 208 216
214 216 208
203 217 213
217 203 211
212 218 211
216 214 219
220 206 205
206 220 221
211 222 217
222 211 223
218 223 211
216 224 215
224 216 225
219 225 216
210 226 214
225 219 227
228 213 217
213 228 229
223 230 222
230 223 231
218 231 223
217 232 228
232 217 222
225 233 224
233 225 234
227 234 225
235 221 220
221 235 236
236 237 221
237 206 221
206 237 210
226 210 237
237 236 238
238 226 237
234 227 239
240 229 228
229 240 241
241 242 229
209 229 242
242 205 209
205 242 220
229 209 213
220 243 235
243 220 242
242 241 243
226 238 244
226 244 245
226 245 246
246 214 226
214 246 219
247 219 246
246 245 247
219 247 227
248 227 247
227 248 239
245 249 247
247 250 248
250 247 249
251 239 248
239 251 252
253 239 252
239 253 234
254 234 253
234 254 233
248 255 251
255 248 250
253 256 254
256 253 257
252 257 253
257 258 256
258 257 259
260 259 257
257 252 260
259 260 261
262 261 260
252 262 260
262 252 251
261 262 263
262 264 263
264 262 265
251 265 262
265 251 255
259 266 258
261 266 259
263 266 261
264 266 263
267 268 269
268 267 270
271 270 267
270 271 272
273 269 268
269 273 274
275 272 271
272 275 276
277 274 273
274 277 278
279 276 275
276 279 280
281 278 277
278 281 282
269 283 267
283 269 284
267 285 271
285 267 283
274 284 269
284 274 286
287 280 279
280 287 288
275 289 279
290 282 281
282 290 291
292 278 282
291 292 282
278 292 293
274 293 286
293 274 278
287 294 288
284 295 283
295 284 296
292 291 297
296 286 298
286 296 284
299 283 295
283 299 285
300 285 299
285 300 301
301 271 285
271 301 275
289 275 301
301 302 289
302 301 300
303 289 302
289 303 304
304 279 289
279 304 287
305 287 304
287 305 294
304 306 305
306 304 303
307 294 305
294 307 308
308 309 294
294 309 310
309 308 311
312 311 308
307 312 308
311 312 313
305 314 307
314 305 306
312 307 315
314 315 307
312 316 313
316 312 317
315 314 318
319 318 314
320 319 314
319 320 321
322 321 320
321 322 323
324 323 322
323 324 325
326 325 324
325 326 327
328 327 326
327 328 329
330 329 328
329 330 331
332 331 330
331 332 333
334 333 332
333 334 335
336 335 334
335 336 337
338 337 336
337 338 339
340 339 338
339 340 341
342 333 335
333 342 343
343 331 333
331 343 344
345 341 340
341 345 346
335 347 342
347 335 337
337 348 347
348 337 339
349 343 342
343 349 350
350 344 343
351 342 347
342 351 349
344 350 352
339 353 348
353 339 341
354 347 348
347 354 351
352 355 344
355 331 344
331 355 329
356 329 355
329 356 327
355 352 357
357 356 355
358 327 356
327 358 325
359 348 353
348 359 354
357 360 356
360 358 356
353 361 359
361 353 362
341 362 353
362 341 346
363 325 358
325 363 323
346 364 362
364 361 362
364 346 365
346 366 365
366 346 345
367 358 360
367 363 358
361 364 368
369 323 363
367 369 363
323 369 321
369 367 370
371 321 369
370 371 369
321 371 319
370 372 371
373 319 371
373 371 372
319 373 374
318 319 374
375 373 372
376 365 366
365 376 377
378 377 376
377 378 379
379 380 377
380 379 381
380 365 377
365 380 364
379 382 381
382 383 378
374 373 384
374 384 385
318 374 385
384 386 385
386 384 387
387 388 386
388 387 389
388 390 386
386 390 391
386 391 385
391 392 385
385 392 393
315 385 393
315 393 312
315 318 385
388 394 390
395 396 397
396 395 398
398 395 399
400 397 396
397 400 401
395 402 399
395 403 402
403 395 397
400 404 401
404 400 405
397 406 403
406 397 401
405 407 404
407 405 408
401 409 406
409 401 404
404 410 409
410 404 407
408 411 407
411 408 412
407 413 410
413 407 411
398 399 414
399 415 414
399 416 415
402 416 399
417 418 419
418 417 420
420 421 418
421 420 422
423 417 419
417 423 424
425 421 422
426 424 423
424 426 427
428 427 426
427 428 429
430 429 428
429 430 431
286 432 298
432 286 293
293 433 432
433 293 292
432 434 298
292 435 433
435 292 297
436 432 433
432 436 434
437 433 435
433 437 436
297 438 435
438 297 439
297 440 439
440 297 291
291 441 440
441 291 290
442 440 441
440 442 443
443 439 440
439 443 444
445 435 438
435 445 437
446 439 444
439 446 438
447 438 446
438 447 445
448 443 442
443 448 449
449 444 443
450 449 448
449 450 451
451 452 449
444 449 452
452 451 453
453 454 452
454 444 452
444 454 446
454 453 455
456 454 455
454 456 457
457 446 454
446 457 447
451 458 453
453 458 455
450 458 459
460 458 456
231 461 462
461 231 463
462 230 231
230 462 464
465 462 461
462 465 466
467 464 462
466 467 462
468 230 464
230 468 469
469 222 230
222 469 232
470 232 469
232 470 471
471 228 232
228 471 240
472 469 468
469 472 470
465 473 466
473 465 474
468 475 472
475 468 476
474 477 473
477 474 478
476 479 475
479 476 480
478 481 477
481 478 482
483 479 480
482 484 481
484 482 485
486 481 484
481 486 487
487 477 481
488 487 486
487 488 489
489 490 487
477 487 490
490 489 491
491 492 490
492 491 493
493 467 492
467 493 494
495 494 493
494 495 496
493 497 495
497 493 491
483 495 497
491 498 497
498 491 489
499 497 498
497 499 483
489 500 498
500 489 488
501 498 500
498 501 499
488 502 500
503 500 502
500 503 501
502 504 503
504 502 505
502 506 505
506 502 507
502 488 507
486 507 488
507 486 508
508 506 507
508 486 484
485 508 484
508 485 509
506 508 510
509 510 508
510 509 511
512 506 510
511 512 510
512 511 513
514 505 506
512 514 506
505 514 515
515 504 505
516 514 512
513 516 512
516 513 517
518 515 514
516 518 514
515 518 519
519 520 515
520 521 515
521 520 522
522 523 521
523 522 524
524 525 523
525 524 526
526 527 525
527 526 528
527 528 529
528 530 529
531 529 530
529 531 532
533 532 531
532 533 534
533 535 534
535 533 536
536 537 535
537 536 538
530 528 539
526 539 528
539 526 540
540 541 539
524 540 526
540 524 542
542 541 540
541 542 543
522 542 524
542 522 544
544 543 542
543 544 545
520 544 522
544 520 546
546 545 544
547 546 520
520 519 547
546 547 548
545 546 549
548 549 546
550 547 519
519 551 550
551 519 518
547 550 552
552 548 547
548 552 553
549 548 554
553 554 548
555 550 551
551 556 555
556 551 557
557 551 518
550 555 558
559 552 550
552 559 560
560 553 552
554 553 561
553 560 562
562 561 553
563 555 556
555 563 564
564 558 555
558 564 565
566 560 559
560 566 567
567 562 560
561 562 568
562 567 569
569 568 562
570 564 563
564 570 571
571 565 564
565 571 572
573 567 566
567 573 574
574 569 567
568 569 575
569 574 576
576 575 569
577 571 570
571 577 578
578 572 571
572 578 579
580 574 573
574 580 581
581 576 574
575 576 582
576 581 583
583 582 576
584 578 577
578 584 585
585 579 578
579 585 586
587 581 580
581 587 588
588 583 581
583 588 589
590 585 584
585 590 591
585 592 586
592 585 591
593 588 587
588 593 594
594 589 588
589 595 583
582 583 595
595 596 582
596 595 597
598 596 597
596 598 599
599 600 596
596 600 601
602 601 600
601 602 603
604 603 602
603 604 605
606 605 604
605 606 607
608 607 606
607 608 609
610 609 608
609 610 611
611 610 612
610 613 612
614 612 613
612 614 615
616 615 614
615 616 617
618 617 616
617 618 619
620 619 618
619 620 621
620 622 621
621 622 623
622 624 623
622 625 624
625 626 624
626 625 627
625 628 627
628 629 627
628 630 629
630 631 629
632 631 630
631 632 633
634 633 632
633 634 635
636 630 628
630 636 637
637 632 630
628 638 636
638 628 625
632 637 639
639 634 632
625 640 638
640 625 622
634 639 641
642 635 634
641 642 634
635 642 643
642 641 644
622 620 640
637 645 639
645 637 646
636 646 637
647 643 642
644 647 642
643 647 648
649 639 645
639 649 641
646 636 650
651 641 649
641 651 644
647 644 652
651 652 644
652 651 653
654 648 647
652 654 647
648 654 655
654 652 656
653 656 652
656 653 657
654 658 655
658 654 659
656 659 654
659 656 660
657 660 656
660 657 661
659 662 658
660 662 659
661 662 660
636 663 650
663 636 638
638 664 663
664 638 640
640 665 664
665 640 620
620 666 665
666 620 618
618 667 666
667 618 616
614 667 616
667 614 668
613 668 614
668 613 669
613 670 669
670 613 610
610 671 670
671 610 608
608 672 671
672 608 606
606 673 672
673 606 604
602 673 604
673 602 674
600 674 602
674 600 675
600 599 675
676 677 678
677 676 679
676 680 679
680 676 681
682 678 677
678 682 683
681 684 680
680 684 685
684 681 686
684 687 685
687 684 688
684 689 688
689 684 686
688 690 687
690 688 691
688 692 691
692 688 689
691 693 690
693 691 694
692 694 691
694 692 695
694 696 693
696 694 697
695 697 694
697 695 698
697 699 696
699 697 700
698 700 697
700 701 699
701 700 702
703 702 700
700 698 703
702 703 704
702 705 701
704 705 702
706 707 683
706 708 707
708 709 707
707 709 710
708 711 709
712 709 711
709 713 710
713 709 714
715 712 711
715 716 712
716 715 717
714 718 713
714 719 718
717 720 716
720 717 721
719 722 718
721 723 720
723 721 724
723 724 725
725 726 723
725 727 726
722 534 718
722 728 534
728 532 534
728 729 532
729 529 532
729 527 529
534 535 718
535 713 718
713 535 537
537 710 713
710 537 730
731 730 537
730 731 732
732 733 730
733 732 734
734 735 733
735 734 736
736 737 735
737 736 738
739 736 734
732 739 734
736 739 740
740 738 736
738 740 741
739 732 742
743 742 732
731 743 732
742 743 744
745 744 743
744 745 746
747 746 745
746 747 748
749 748 747
748 749 750
747 531 749
531 747 533
751 533 747
743 751 745
747 745 751
533 751 536
731 536 751
751 743 731
536 731 538
530 749 531
749 530 752
750 749 752
752 753 750
539 752 530
752 539 754
752 754 753
755 753 754
541 754 539
754 541 755
543 755 541
755 543 612
615 755 612
617 755 615
755 617 756
545 612 543
612 545 611
549 611 545
611 549 609
554 609 549
609 554 607
561 607 554
607 561 605
568 605 561
605 568 603
575 603 568
603 575 601
582 601 575
601 582 596
756 617 757
757 621 758
758 621 623
757 619 621
617 619 757
759 760 761
762 760 759
760 763 761
763 764 761
764 763 765
765 766 764
766 765 767
767 768 766
768 767 769
769 770 768
770 769 771
771 772 770
772 771 773
773 774 772
774 773 775
775 776 774
776 775 777
777 778 776
778 777 779
779 780 778
707 781 782
781 707 783
784 782 781
782 784 785
784 786 785
786 784 787
787 788 786
788 787 789
790 787 784
790 789 787
784 737 790
789 791 788
791 789 792
793 789 790
793 792 789
792 794 791
794 792 795
793 795 792
795 793 796
795 797 794
797 795 798
796 798 795
798 796 799
798 800 797
800 798 801
799 801 798
801 799 802
801 803 800
803 801 804
802 804 801
804 802 805
804 806 803
806 804 807
805 807 804
807 805 808
809 808 805
802 809 805
808 809 810
796 811 799
811 796 812
812 813 811
813 812 814
815 814 812
814 815 816
817 816 815
816 817 818
741 818 817
819 811 813
811 819 820
820 821 809
821 820 819
821 810 809
793 817 815
817 793 790
790 738 817
741 817 738
738 790 737
815 796 793
796 815 812
799 820 802
820 799 811
809 802 820
810 821 822
823 808 810
808 823 807
807 823 806
824 823 810
784 735 737
735 784 781
781 733 735
733 781 783
783 730 733
730 783 710
707 710 783
825 180 826
180 825 178
826 827 825
826 828 827
184 826 180
184 829 826
826 830 828
829 830 826
830 831 828
829 831 830
831 832 828
831 833 832
829 834 831
834 833 831
834 835 833
835 836 833
833 836 837
833 837 832
836 838 837
836 839 838
840 839 836
835 840 836
839 841 838
839 842 841
843 842 839
844 842 843
844 845 842
845 846 842
842 846 841
847 843 839
840 847 839
847 848 843
849 850 851
850 849 852
849 851 853
853 854 849
854 853 855
855 856 854
857 856 855
856 857 858
857 859 858
860 851 850
851 860 861
855 862 857
862 855 863
853 863 855
864 857 862
857 864 859
863 853 865
866 851 861
851 866 853
866 865 853
864 867 859
867 864 868
869 861 860
861 869 870
870 866 861
865 866 871
863 872 862
865 872 863
865 873 872
868 874 867
874 868 875
876 864 862
872 876 862
866 870 877
878 865 871
865 878 873
879 870 869
870 879 880
880 877 870
881 866 877
866 881 871
875 882 874
882 875 883
884 871 881
871 884 878
877 880 885
886 877 885
877 886 881
887 881 886
881 887 884
888 880 879
880 888 889
889 885 880
885 889 890
891 885 890
885 891 886
886 891 892
893 889 888
889 893 894
894 890 889
890 894 895
890 896 891
896 890 895
897 891 896
891 897 892
898 894 893
894 898 899
899 895 894
895 899 900
900 896 895
896 900 901
902 896 901
896 902 897
903 892 887
317 904 316
904 317 905
905 906 904
906 905 907
907 908 906
908 907 909
909 910 908
910 909 911
911 912 910
912 911 913
913 914 912
914 913 915
915 916 914
916 917 914
918 919 920
919 918 921
918 920 922
923 919 921
924 923 921
925 923 924
925 926 923
927 926 925
926 927 928
929 928 927
928 929 930
931 930 929
930 931 932
933 934 931
934 933 935
936 937 938
939 937 940
940 937 941
942 936 939
936 942 943
939 944 942
944 939 940
941 944 940
944 941 945
946 945 941
947 937 946
945 946 948
949 942 944
942 949 950
950 943 942
943 950 951
944 952 949
952 944 945
948 952 945
952 948 953
954 950 949
950 954 955
955 951 950
949 956 954
956 949 952
951 955 957
952 958 956
958 952 953
959 954 956
954 959 960
960 955 954
955 960 961
961 957 955
956 962 959
962 956 958
957 961 963
964 960 959
960 964 965
965 961 960
959 966 964
966 959 962
961 965 967
967 963 961
968 964 966
964 968 969
969 965 964
965 969 970
970 967 965
963 967 971
967 970 972
972 971 967
973 969 968
969 973 974
974 970 969
970 974 975
975 972 970
971 972 976
972 975 977
977 976 972
978 974 973
974 978 979
979 975 974
975 979 980
980 977 975
981 979 978
979 981 982
982 980 979
980 982 983
977 980 984
983 984 980
976 977 985
984 985 977
986 982 981
982 986 987
987 983 982
983 987 988
984 983 989
988 989 983
985 984 990
989 990 984
991 987 986
987 991 992
992 988 987
988 992 993
989 988 994
993 994 988
990 989 995
994 995 989
996 992 991
992 996 997
997 993 992
993 997 998
994 993 999
998 999 993
1000 997 996
997 1000 1001
1001 998 997
995 994 1002
999 1002 994
998 1001 1003
999 998 1004
1003 1004 998
1005 1001 1000
1001 1005 1006
1006 1003 1001
1002 999 1007
1004 1007 999
1003 1006 1008
1004 1003 1009
1008 1009 1003
1010 1006 1005
1006 1010 1011
1011 1008 1006
1007 1004 1012
1009 1012 1004
1008 1011 1013
1009 1008 1014
1013 1014 1008
1012 1009 1015
1014 1015 1009
1010 1016 1011
1016 1013 1011
1016 1010 1017
1013 1016 1018
1014 1013 1019
1018 1019 1013
1015 1014 1020
1019 1020 1014
1021 1016 1017
1016 1021 1022
1022 1018 1016
1019 1018 1023
1018 1022 1024
1024 1023 1018
1020 1019 1025
1023 1025 1019
1026 1022 1021
1022 1026 1027
1023 1024 1028
1022 1029 1024
1029 1022 1027
1029 1028 1024
1025 1023 1030
1028 1030 1023
1031 1027 1026
1027 1031 1032
1032 1029 1027
1028 1029 1033
1029 1032 1034
1034 1033 1029
1030 1028 1035
1033 1035 1028
1033 1034 1036
1035 1033 1037
1036 1037 1033
1031 1038 1032
1038 1031 1039
1032 1040 1034
1040 1032 1038
1040 1036 1034
1037 1036 1041
1036 1040 1042
1042 1041 1036
1039 1043 1038
1043 1039 1044
1045 1043 1044
1043 1045 1046
1047 1043 1046
1043 1047 1048
1048 1038 1043
1038 1048 1040
1049 1048 1047
1048 1049 1050
1050 1040 1048
1040 1050 1042
1051 1050 1049
1050 1051 1052
1052 1042 1050
1053 1052 1051
1052 1053 1054
1042 1052 1055
1054 1055 1052
1055 1056 1042
1056 1057 1042
1056 1055 1058
1059 1056 1058
1056 1059 1060
1060 1057 1056
1061 1060 1059
1060 1061 1062
1063 1062 1061
1062 1063 1064
1065 1064 1063
1064 1065 1066
1067 1066 1065
1066 1067 1068
1069 1068 1067
1068 1069 1070
1071 1070 1069
1070 1071 1072
1073 1072 1071
1072 1073 1074
1073 1075 1074
1075 1073 1076
1077 1075 1076
1075 1077 1078
1079 1078 1077
1078 1079 1080
1080 1081 1078
1081 1080 1082
1081 1083 1078
1083 1075 1078
1083 1084 1075
1084 1074 1075
1084 1085 1074
1085 1072 1074
1073 1086 1076
1086 1073 1087
1085 1088 1072
1087 1089 1086
1089 1087 1090
1091 1090 1087
1087 1071 1091
1071 1087 1073
1090 1091 1092
1071 1069 1091
1069 1093 1091
1093 1069 1067
1094 1091 1093
1091 1094 1092
1065 1093 1067
1095 1093 1065
1093 1095 1094
1063 1095 1065
1095 1063 1096
1061 1096 1063
1096 1061 1097
1059 1097 1061
1097 1059 1098
1059 1099 1098
1099 1059 1058
1100 1101 1099
1055 1101 1058
1101 1055 1102
1055 1054 1102
1103 1104 1105
1106 1104 1103
1107 1104 1106
1108 1104 1107
1105 1109 1103
1109 1105 1110
1111 1103 1109
1103 1111 1106
1111 1107 1106
1107 1111 1112
1112 1108 1107
1108 1112 1113
1110 1114 1109
1114 1110 1115
1116 1109 1114
1109 1116 1111
1116 1112 1111
1117 1113 1112
1112 1116 1117
1113 1117 1118
1115 1119 1114
1119 1115 1120
1121 1118 1117
1118 1121 1122
1123 1114 1119
1114 1123 1116
1117 1123 1121
1123 1117 1116
1124 1122 1121
1122 1124 1125
1120 1126 1119
1126 1120 1127
1121 1128 1124
1128 1121 1123
1128 1119 1126
1119 1128 1123
1129 1125 1124
1125 1129 1130
1124 1131 1129
1131 1124 1128
1126 1131 1128
1132 1130 1129
1130 1132 1133
1127 1134 1126
1131 1126 1134
1134 1127 1135
1136 1133 1132
1133 1136 1137
1138 1129 1131
1129 1138 1132
1134 1138 1131
1138 1134 1139
1135 1139 1134
1139 1135 1140
1141 1137 1136
1137 1141 1142
1143 1132 1138
1132 1143 1136
1139 1143 1138
1144 1142 1141
1142 1144 1145
1143 1139 1146
1140 1146 1139
1146 1140 1147
1148 1136 1143
1136 1148 1141
1146 1148 1143
1149 1145 1144
1145 1149 1150
1151 1141 1148
1141 1151 1144
1148 1146 1152
1147 1152 1146
1152 1151 1148
1152 1147 1153
1154 1150 1149
1150 1154 1155
1151 1152 1156
1153 1156 1152
1157 1144 1151
1144 1157 1149
1156 1157 1151
1158 1155 1154
1155 1158 1159
1156 1153 1160
1161 1149 1157
1149 1161 1154
1157 1156 1162
1160 1162 1156
1162 1161 1157
1163 1159 1158
1159 1163 1164
1162 1160 1165
1166 1154 1161
1154 1166 1158
1161 1162 1167
1165 1167 1162
1168 1164 1163
1164 1168 1169
1167 1165 1170
1171 1158 1166
1158 1171 1163
1161 1172 1166
1172 1161 1167
1173 1169 1168
1169 1173 1174
1167 1175 1172
1175 1167 1170
1176 1163 1171
1163 1176 1168
1166 1177 1171
1177 1166 1172
1172 1178 1177
1178 1172 1175
1179 1174 1173
1174 1179 1180
1181 1168 1176
1168 1181 1173
1171 1182 1176
1182 1171 1177
1177 1183 1182
1183 1177 1178
1173 1184 1179
1184 1173 1181
1180 1179 1185
1176 1186 1181
1186 1176 1182
1185 1187 1180
1182 1188 1186
1188 1182 1183
1189 1187 1185
1181 1190 1184
1190 1181 1186
1186 1191 1190
1191 1186 1188
1192 1184 1190
1191 1192 1190
1184 1192 1193
1192 1191 1194
1194 1195 1192
1193 1192 1196
1197 1184 1193
1184 1197 1179
1189 1198 1187
1199 1198 1189
1199 1200 1198
1201 1200 1199
1202 1200 1201
1203 1202 1201
1204 1205 1206
1205 1204 1207
1208 1207 1204
1207 1208 864
1209 1206 1205
1206 1209 1210
1211 1210 1209
1210 1211 1212
1213 1212 1211
1212 1213 1214
1215 864 1208
864 1215 868
1215 875 868
875 1215 1216
1217 1214 1213
1214 1217 1218
1219 1218 1217
1220 1215 1208
1215 1220 1221
1221 1216 1215
1216 1221 1222
1223 875 1216
1216 1222 1223
875 1223 883
883 1223 1224
883 1224 1225
1224 1226 1225
1226 1224 1227
1228 1227 1224
1228 1223 1222
1223 1228 1224
1227 1228 1229
1229 1230 1227
1230 1229 1231
1227 1232 1226
1232 1227 1230
882 883 1225
1233 1234 1220
1220 1208 1233
1204 1233 1208
1233 1204 1235
1236 1234 1233
1237 1236 1233
1237 1233 1235
1236 1237 1238
1239 1238 1237
1237 1240 1239
1240 1237 1241
1237 1235 1241
1238 1239 1242
1243 1239 1240
1239 1243 1244
1244 1242 1239
1245 1244 1243
1244 1245 1246
1246 1247 1244
1242 1244 1247
1247 1246 1248
1249 1246 1245
1249 1248 1246
1250 1251 1252
1251 1250 1253
1253 1254 1251
1254 1253 1255
1252 1256 1250
1256 1252 1257
1255 1258 1254
1258 1255 1259
1259 1260 1258
1260 1259 1261
1261 1262 1260
1262 1261 1263
1264 1265 1262
1265 1264 1266
1267 1268 1269
1270 1267 1269
1271 1269 1268
1271 1272 1269
1270 1269 1272
1272 1273 1270
1273 1272 1274
1275 1272 1271
1272 1275 1276
1276 1274 1272
1274 1276 1277
1271 1278 1275
1278 1271 1279
1279 1271 1268
1279 1268 1280
1279 1281 1278
1281 1279 1282
1280 1282 1279
1280 1283 1282
1282 1284 1281
1284 1282 1285
1285 1282 1283
1285 1286 1284
1286 1285 1287
1287 1288 1286
1288 1287 1289
1290 1288 1289
1290 1289 1291
1290 1291 1292
1293 1290 1292
1292 1294 1293
1294 1292 1295
1295 1296 1294
1296 1295 1297
1297 1298 1296
1298 1297 1299
1299 1300 1298
1300 1299 1301
1302 1300 1301
1300 1302 1303
1304 1303 1302
1303 1304 1305
1306 1305 1304
1305 1306 1307
1308 1307 1306
1307 1308 1309
1310 1309 1308
1309 1310 1311
1312 1296 1298
1296 1312 1313
1314 1313 1312
1313 1314 1315
1315 1316 1313
1316 1315 1317
1318 1314 1312
1314 1318 1319
1320 1319 1318
1319 1320 1321
1322 1321 1320
1321 1322 1323
1324 1323 1322
1323 1324 1325
1326 1325 1324
1325 1326 1327
1328 1327 1326
1327 1328 1329
1330 1329 1328
1328 1331 1330
1331 1328 1311
1326 1311 1328
1329 1330 1332
1333 1330 1331
1330 1333 1334
1334 1332 1330
1332 1334 1335
1336 1334 1333
1334 1336 1337
1337 1335 1334
1338 1337 1336
1337 1338 1339
1335 1337 1340
1339 1340 1337
1340 1339 1341
1338 1342 1339
1339 1342 1341
1343 1342 1338
1336 1344 1338
1344 1343 1338
1344 1336 1345
1345 1336 1346
1336 1333 1346
1347 1346 1333
1331 1347 1333
1331 1348 1347
1311 1348 1331
1348 1311 1310
1311 1326 1309
1324 1309 1326
1309 1324 1307
1322 1307 1324
1307 1322 1305
1320 1305 1322
1305 1320 1303
1318 1303 1320
1303 1318 1300
1318 1298 1300
1298 1318 1312
1349 1350 1351
1352 1349 1351
1349 1352 1353
1354 1350 1349
1353 1354 1349
1350 1354 1355
1353 1356 1354
1357 1356 1353
1353 1358 1357
1358 1353 1352
1358 1352 1359
1359 1360 1358
1360 1357 1358
1357 1360 1361
1361 1362 1357
1362 1356 1357
1362 1361 1363
1356 1364 1354
1362 1364 1356
1365 1355 1354
1364 1365 1354
1355 1365 1366
1364 1362 1367
1364 1368 1365
1367 1368 1364
1369 1366 1365
1366 1369 1370
1368 1367 1371
1372 1371 1367
1372 1367 1373
1367 1362 1373
1371 1372 1374
1375 1365 1368
1365 1375 1369
1376 1371 1374
1368 1377 1375
1377 1368 1371
1376 1377 1371
1375 1378 1369
1378 1379 1369
1376 1380 1377
1381 1375 1377
1381 1378 1375
1382 1377 1380
1382 1381 1377
1381 1383 1378
1383 1379 1378
1384 1381 1382
1384 1383 1381
1384 1385 1383
1383 1385 1379
1385 1384 1386
1387 1386 1384
1387 1384 1382
1388 1387 1382
1388 1382 1380
1389 1388 1380
1389 1380 1376
1376 1390 1389
1390 1376 1391
1391 1392 1390
1392 1391 1393
1393 1394 1392
1394 1393 1395
1395 1396 1394
1397 1394 1396
1396 1398 1397
1394 1397 1399
1399 1392 1394
1396 1395 1400
1400 1398 1401
1392 1399 1402
1392 1403 1390
1403 1392 1402
1390 1404 1389
1404 1390 1403
1405 1389 1404
1389 1405 1388
1406 1388 1405
1388 1406 1387
1407 1387 1406
1387 1407 1386
1386 1407 1408
1386 1408 1385
1409 1385 1408
1385 1409 1410
1411 1385 1410
1385 1411 1379
1412 1379 1411
1379 1412 1413
1411 1414 1412
1414 1411 1415
1410 1415 1411
1415 1410 1416
1410 1417 1416
1417 1410 1409
1369 1379 1413
1369 1413 1370
1418 1419 1420
1420 1421 1418
1418 1421 1422
1422 1421 1423
1424 1419 1418
1418 1422 1424
1419 1424 1425
1425 1426 1419
1427 1419 1426
1419 1427 1420
1427 1426 1428
1426 1425 1429
1429 1430 1426
1430 1428 1426
1428 1430 1431
1432 1422 1423
1433 1432 1423
1434 1424 1422
1422 1432 1434
1290 1432 1433
1424 1434 1435
1425 1424 1436
1436 1429 1425
1436 1424 1435
1290 1437 1432
1434 1432 1437
1429 1436 1438
1438 1430 1429
1430 1438 1439
1439 1431 1430
1431 1439 1440
1441 1436 1435
1435 1442 1441
1442 1434 1437
1434 1442 1435
1443 1439 1438
1443 1438 1436
1444 1443 1436
1436 1441 1444
1439 1443 1445
1445 1440 1439
1440 1445 1446
1442 1447 1441
1447 1444 1441
1447 1442 1448
1437 1448 1442
1444 1447 1449
1443 1444 1449
1450 1445 1443
1449 1450 1443
1445 1450 1451
1451 1446 1445
1448 1452 1447
1452 1448 1453
1446 1451 1454
1455 1447 1452
1447 1455 1449
1455 1450 1449
1450 1455 1456
1456 1451 1450
1453 1457 1452
1457 1453 1458
1451 1456 1459
1459 1454 1451
1454 1459 1460
1452 1461 1455
1452 1457 1461
1461 1456 1455
1462 1457 1458
1457 1462 1463
1456 1461 1464
1464 1459 1456
1459 1464 1465
1465 1460 1459
1460 1465 1466
1457 1467 1461
1457 1463 1467
1468 1463 1462
1463 1468 1469
1461 1470 1464
1461 1467 1470
1470 1465 1464
1465 1470 1471
1472 1465 1471
1465 1472 1466
1463 1473 1467
1469 1473 1463
1474 1469 1468
1469 1474 1475
1473 1469 1476
1475 1476 1469
1477 1470 1467
1473 1477 1467
1477 1471 1470
1471 1477 1478
1471 1478 1472
1479 1475 1474
1475 1479 1480
1473 1481 1477
1476 1481 1473
1481 1478 1477
1481 1476 1482
1478 1481 1483
1482 1483 1481
1476 1475 1484
1478 1483 1485
1478 1485 1472
1486 1480 1479
1480 1486 1487
1483 1488 1485
1488 1489 1485
1489 1488 1490
1490 1491 1489
1491 1490 1492
1492 1493 1491
1494 1491 1493
1493 1495 1494
1495 1493 1496
1496 1497 1495
1497 1496 1498
1499 1497 1498
1497 1499 1500
1501 1500 1499
1499 1502 1501
1502 1503 1501
1504 1503 1502
1501 1503 1505
1500 1501 1505
1502 1499 1506
1506 1504 1502
1504 1506 1507
1508 1499 1498
1499 1508 1506
1508 1507 1506
1496 1508 1498
1507 1508 1509
1508 1496 1510
1510 1509 1508
1509 1510 1511
1493 1510 1496
1510 1493 1512
1512 1511 1510
1511 1512 1513
1493 1492 1512
1492 1513 1512
1513 1492 1514
1490 1514 1492
1514 1490 1515
1488 1515 1490
1515 1488 1516
1517 1516 1488
1488 1483 1517
1516 1517 1518
1519 1517 1483
1483 1482 1519
1517 1519 1520
1520 1518 1517
1521 1519 1482
1476 1521 1482
1521 1476 1484
1484 1522 1521
1522 1484 1523
1475 1523 1484
1523 1475 1480
1487 1523 1480
1523 1487 1524
1524 1522 1523
1519 1521 1525
1525 1520 1519
1526 1524 1487
1487 1527 1526
1527 1487 1486
1524 1526 1528
1529 1526 1527
1526 1529 1530
1530 1528 1526
1522 1524 1531
1528 1531 1524
1528 1530 1532
1531 1528 1533
1532 1533 1528
1534 1530 1529
1530 1534 1535
1535 1532 1530
1533 1532 1536
1532 1535 1537
1537 1536 1532
1533 1538 1531
1539 1531 1538
1521 1539 1525
1539 1521 1522
1531 1539 1522
1540 1525 1539
1525 1540 1541
1520 1525 1541
1541 1542 1520
1518 1520 1542
1542 1541 1543
1540 1543 1541
1538 1533 1544
1545 1539 1538
1539 1545 1540
1544 1545 1538
1536 1537 1546
1543 1540 1547
1545 1547 1540
1548 1546 1537
1537 1335 1548
1335 1537 1535
1534 1335 1535
1546 1548 1549
1545 1544 1550
1335 1551 1548
1547 1545 1552
1550 1552 1545
1551 1553 1548
1553 1549 1548
1554 1550 1544
1544 1536 1554
1546 1554 1536
1536 1544 1533
1554 1546 1555
1549 1555 1546
1550 1554 1556
1555 1556 1554
1555 1549 1557
1552 1550 1558
1556 1558 1550
1556 1555 1559
1557 1559 1555
1553 1560 1549
1560 1557 1549
1557 1561 1559
1561 1557 1560
1562 1560 1553
1562 1553 1563
1553 1551 1563
1558 1556 1564
1559 1564 1556
1562 1565 1560
1565 1561 1560
1564 1559 1566
1559 1561 1566
1565 1562 1567
1562 1568 1567
1567 1569 1565
1569 1561 1565
1570 1568 1562
1569 1571 1561
1572 1561 1571
1571 1573 1572
1573 1571 1574
1574 1575 1573
1575 1574 1576
1576 1577 1575
1577 1576 1578
1578 1579 1577
1579 1578 1580
1580 1581 1579
1581 1580 1582
1582 1583 1581
1583 1582 1584
1585 1583 1584
1583 1585 1586
1585 1587 1586
1587 1585 1588
1588 1589 1587
1589 1588 1590
1590 1591 1589
1591 1590 1592
1592 1593 1591
1593 1592 1594
1594 1595 1593
1595 1594 1596
1596 1597 1595
1597 1596 1598
1599 1598 1596
1598 1599 1600
1601 1600 1599
1600 1601 1602
1602 1603 1600
1603 1602 1604
1605 1603 1604
1604 1606 1605
1607 1605 1606
1606 1608 1607
1608 1606 1609
1605 1607 1610
1610 1611 1605
1603 1605 1611
1611 1610 1612
1613 1609 1606
1606 1604 1613
1602 1613 1604
1609 1613 1614
1613 1602 1615
1615 1614 1613
1614 1615 1616
1602 1617 1615
1617 1616 1615
1617 1602 1601
1616 1617 1618
1601 1619 1617
1619 1618 1617
1619 1601 1620
1599 1620 1601
1620 1599 1621
1596 1621 1599
1621 1596 1594
1618 1619 1622
1594 1623 1621
1623 1594 1592
1621 1624 1620
1624 1621 1623
1624 1619 1620
1619 1624 1625
1625 1622 1619
1622 1625 1626
1592 1627 1623
1627 1624 1623
1627 1592 1590
1624 1627 1628
1628 1625 1624
1625 1628 1629
1629 1626 1625
1626 1629 1630
1590 1631 1627
1631 1628 1627
1631 1590 1588
1628 1631 1632
1632 1629 1628
1629 1632 1633
1633 1630 1629
1588 1634 1631
1634 1588 1585
1635 1632 1631
1634 1635 1631
1635 1633 1632
1633 1635 1636
1584 1634 1585
1634 1584 1637
1636 1638 1633
1633 1638 1630
1638 1636 1639
1634 1640 1635
1640 1636 1635
1637 1640 1634
1636 1640 1641
1641 1639 1636
1582 1637 1584
1637 1582 1642
1637 1643 1640
1643 1641 1640
1642 1643 1637
1641 1643 1644
1643 1642 1645
1645 1644 1643
1580 1642 1582
1642 1580 1646
1646 1645 1642
1644 1647 1641
1648 1641 1647
1641 1648 1649
1650 1649 1648
1649 1650 1651
1652 1651 1650
1651 1652 1653
1654 1653 1652
1653 1654 1655
1656 1655 1654
1655 1656 1657
1656 1658 1657
1658 1656 1659
1659 1660 1658
1660 1659 1661
1661 1662 1660
1662 1661 1663
1664 1662 1663
1662 1664 1665
1664 1666 1665
1667 1666 1664
1664 1668 1667
1668 1664 1663
1661 1668 1663
1668 1661 1669
1659 1669 1661
1669 1659 1670
1656 1670 1659
1670 1656 1671
1654 1671 1656
1671 1654 1672
1652 1672 1654
1672 1652 1673
1650 1673 1652
1673 1650 1674
1648 1674 1650
1674 1648 1675
1647 1675 1648
1675 1647 1676
1677 1676 1647
1678 1677 1647
1647 1644 1678
1679 1677 1678
1677 1679 1680
1678 1681 1679
1681 1678 1644
1644 1645 1681
1682 1681 1645
1645 1646 1682
1646 1683 1682
1683 1646 1684
1580 1684 1646
1684 1580 1578
1578 1685 1684
1685 1578 1576
1681 1682 1686
1679 1681 1686
1576 1687 1685
1687 1576 1574
1574 1688 1687
1688 1574 1571
1684 1689 1683
1689 1684 1685
1690 1687 1688
1690 1688 1691
1691 1688 1569
1688 1571 1569
1692 1690 1691
1692 1691 1568
1568 1691 1567
1691 1569 1567
1568 1570 1692
1570 1693 1692
1693 1694 1692
1694 1690 1692
1694 1693 1695
1687 1690 1696
1694 1696 1690
1685 1696 1689
1696 1685 1687
1696 1694 1697
1695 1697 1694
1697 1689 1696
1697 1695 1698
1689 1697 1699
1698 1699 1697
1699 1698 1700
1699 1700 1701
1683 1699 1701
1701 1682 1683
1682 1701 1686
1701 1702 1686
1702 1701 1703
1700 1703 1701
1699 1683 1689
1679 1686 1702
1679 1702 1680
1704 1705 1706
1704 1707 1705
1707 1704 1708
1708 1709 1707
1709 1708 1710
1711 1709 1710
1709 1711 1712
1713 1712 1711
1712 1713 1714
1715 1714 1713
1714 1715 1716
1717 1716 1715
1716 1717 1718
1719 1718 1717
1718 1719 1720
1721 1720 1719
1720 1721 1722
1721 1723 1722
1723 1721 1724
1724 1725 1723
1725 1724 1726
1725 1726 1727
1728 1729 1730
1729 1728 1731
1731 1732 1729
1732 1731 1733
1733 1734 1732
1734 1733 1735
1735 1736 1734
1737 1730 1738
1730 1737 1739
1740 1738 1741
1738 1740 1742
1743 1741 1744
1741 1743 1745
1746 1747 1744
1747 1746 1748
1749 1750 1746
1750 1749 1751
1752 1753 1749
1753 1752 1754
1755 1754 1752
1754 1755 1756
1755 1757 1756
1758 1759 1760
1759 1758 1761
1760 1762 1758
1762 1760 1763
1764 1761 1758
1761 1764 1765
1766 1765 1764
1765 1766 1767
1758 1768 1764
1768 1758 1762
1769 1767 1766
1767 1769 1770
1764 1771 1766
1771 1764 1768
1771 1769 1766
1772 1770 1769
1770 1772 1773
1769 1771 1774
1775 1773 1772
1773 1775 1776
1769 1777 1772
1777 1769 1774
1778 1776 1775
1776 1778 1779
1780 1777 1774
1781 1780 1774
1780 1781 1782
1781 1783 1782
1783 1781 1784
1784 1785 1783
1785 1784 1786
1787 1785 1786
1785 1787 1788
1787 1789 1788
1789 1787 1790
1782 1791 1780
1782 1792 1791
1792 1782 1793
1793 1794 1792
1794 1793 1795
1796 1792 1794
1792 1796 1797
1797 1791 1792
1791 1797 1798
1798 1799 1791
1799 1798 1800
1799 1780 1791
1800 1801 1799
1801 1800 1802
1801 1803 1799
1799 1803 1780
1777 1780 1803
1803 1804 1777
1804 1772 1777
1772 1804 1775
1804 1803 1805
1801 1805 1803
1804 1778 1775
1778 1804 1806
1805 1806 1804
1802 1807 1801
1807 1805 1801
1807 1802 1808
1802 1809 1808
1809 1802 1810
1810 1802 1811
1806 1805 1812
1805 1807 1812
1806 1813 1778
1813 1779 1778
1779 1813 1814
1815 1814 1813
1814 1815 1816
1813 1806 1817
1812 1817 1806
1817 1815 1813
1818 1808 1809
1808 1818 1819
1820 1816 1815
1816 1820 1821
1808 1822 1807
1822 1812 1807
1822 1808 1819
1817 1812 1823
1812 1822 1823
1824 1819 1818
1819 1824 1825
1815 1817 1826
1823 1826 1817
1826 1820 1815
1819 1827 1822
1827 1823 1822
1827 1819 1828
1820 1829 1821
1829 1820 1830
1826 1823 1831
1823 1827 1831
1832 1825 1824
1825 1832 1833
1820 1826 1834
1831 1834 1826
1828 1835 1827
1835 1828 1836
1827 1837 1831
1837 1827 1835
1834 1831 1837
1838 1833 1832
1833 1838 1839
1834 1830 1820
1830 1834 1840
1837 1840 1834
1830 1841 1829
1841 1830 1842
1836 1843 1835
1843 1836 1844
1835 1845 1837
1845 1835 1843
1840 1837 1845
1846 1839 1838
1839 1846 1847
1847 1843 1844
1842 1848 1841
1848 1842 1849
1843 1850 1845
1850 1843 1847
1845 1851 1840
1851 1845 1850
1851 1849 1842
1830 1851 1842
1851 1830 1840
1846 1852 1847
1852 1846 1853
1854 1853 1846
1853 1854 1855
1855 1856 1853
1856 1855 1857
1849 1851 1858
1850 1858 1851
1849 1859 1848
1859 1849 1860
1847 1861 1850
1861 1847 1852
1858 1850 1861
1853 1862 1852
1862 1853 1856
1862 1861 1852
1863 1856 1857
1856 1863 1864
1864 1862 1856
1860 1865 1859
1861 1862 1866
1866 1858 1861
1858 1866 1867
1849 1867 1860
1867 1849 1858
1863 1868 1864
1868 1863 1869
1862 1864 1870
1868 1870 1864
1871 1860 1867
1860 1871 1865
1866 1871 1867
1862 1872 1866
1872 1862 1870
1871 1866 1872
1871 1873 1865
1873 1871 1874
1872 1874 1871
1870 1868 1875
1870 1876 1872
1876 1870 1875
1874 1872 1876
1868 1877 1875
1877 1876 1875
1877 1868 1878
1874 1879 1873
1879 1874 1880
1876 1880 1874
1878 1881 1877
1881 1878 1882
1880 1876 1883
1876 1877 1883
1881 1883 1877
1880 1884 1879
1884 1880 1885
1883 1885 1880
1882 1886 1881
1886 1882 1887
1885 1888 1884
1888 1885 1889
1883 1881 1890
1885 1883 1890
1886 1890 1881
1890 1889 1885
1887 1891 1886
1891 1887 1892
1893 1891 1892
1891 1893 1894
1889 1895 1888
1895 1889 1896
1890 1886 1897
1889 1890 1897
1897 1896 1889
1891 1897 1886
1898 1894 1893
1894 1898 1899
1896 1900 1895
1900 1896 1901
1896 1897 1902
1897 1891 1902
1902 1901 1896
1894 1902 1891
1903 1899 1898
1899 1903 1904
1901 1905 1900
1905 1901 1906
1907 1904 1903
1904 1907 1908
1909 1908 1907
1908 1909 1910
1911 1910 1909
1910 1911 1912
1913 1912 1911
1912 1913 1914
1913 1915 1914
1915 1916 1914
1916 1915 1917
1915 1918 1917
1919 1917 1918
1918 1920 1919
1921 1919 1920
1919 1921 1922
1922 1921 1923
1920 1918 1924
1923 1925 1922
1925 1923 1926
1927 1926 1923
1923 1928 1927
1929 1927 1928
1927 1929 1930
1930 1929 1931
1931 1932 1930
1933 1930 1932
1932 1934 1933
1930 1935 1927
1935 1930 1933
1926 1927 1935
1928 1923 1936
1921 1936 1923
1935 1937 1926
1937 1935 1938
1938 1935 1933
1938 1933 1939
1939 1933 1934
1940 1939 1934
1940 1941 1939
1941 1940 1942
1942 1943 1941
1943 1942 1944
1944 1945 1943
1945 1944 1946
1947 1939 1941
1947 1938 1939
1946 1948 1945
1948 1946 1949
1949 1950 1948
1950 1949 1951
1952 1950 1951
1950 1952 1953
1954 1953 1952
1953 1954 1955
1956 1955 1954
1955 1956 1957
1958 1957 1956
1957 1958 1959
1960 1959 1958
1959 1960 1961
1960 1962 1961
1962 1960 1963
1964 1962 1963
1962 1964 1965
1966 1965 1964
1965 1966 1967
1966 1968 1967
1968 1966 1969
1969 1970 1968
1970 1969 1971
1971 1972 1970
1972 1971 1973
1973 1974 1972
1974 1973 1975
1976 1974 1975
1974 1976 1977
1978 1977 1976
1977 1978 1979
1978 1980 1979
1979 1980 1981
1981 1977 1979
1982 1981 1980
1977 1981 1983
1982 1983 1981
1983 1974 1977
1983 1982 1984
1974 1983 1985
1984 1985 1983
1985 1972 1974
1985 1984 1986
1972 1985 1987
1986 1987 1985
1987 1986 1988
1988 1989 1987
1989 1972 1987
1972 1989 1970
1989 1988 1990
1991 1970 1989
1990 1991 1989
1970 1991 1968
1991 1990 1992
1991 1967 1968
1967 1991 1993
1992 1993 1991
1993 1992 1994
1993 1965 1967
1965 1993 1995
1994 1995 1993
1996 1994 1992
1997 1996 1992
1992 1998 1997
1999 1997 1998
1999 1998 2000
1997 1999 2001
2002 2001 1999
1999 2003 2002
1999 2000 2003
2001 2002 2004
2005 2004 2002
2005 2002 2006
2002 2003 2006
2004 2005 2007
2008 2007 2005
2008 2005 2009
2005 2006 2009
2010 2008 2009
2011 2008 2010
2007 2008 2011
2011 2010 2012
2013 2007 2011
2014 2013 2011
2013 2014 2015
2016 2015 2014
2015 2016 2017
2018 2017 2016
2017 2018 2019
2020 2019 2018
2019 2020 2021
2021 2022 2019
2022 2017 2019
2022 2021 2023
2023 2024 2022
2024 2023 2025
2017 2022 2026
2026 2015 2017
2022 2027 2026
2027 2022 2024
2015 2026 2028
2027 2028 2026
2028 2013 2015
2028 2027 2029
2029 2030 2028
2013 2028 2030
2030 2029 2031
2030 2032 2013
2007 2013 2032
2032 2030 2033
2031 2033 2030
2033 2031 2034
2032 2004 2007
2004 2032 2035
2033 2035 2032
2035 2033 2036
2034 2036 2033
2036 2034 2037
2035 2001 2004
2001 2035 2038
2036 2038 2035
2038 2036 2039
2037 2039 2036
2039 2037 2040
2041 2001 2038
2039 2041 2038
2001 2041 1997
2041 2039 2042
2040 2042 2039
2042 2040 2043
1996 1997 2041
2042 1996 2041
1996 2042 2044
2043 2044 2042
2044 2043 2045
2044 2046 1996
1994 1996 2046
2046 2044 2047
2045 2047 2044
2047 2045 2048
2049 1994 2046
2047 2049 2046
1994 2049 2050
1995 1994 2050
2050 2051 1995
1962 1995 2051
1995 1962 1965
2051 2050 2052
2051 1961 1962
1961 2051 2053
2052 2053 2051
2049 2047 2054
2048 2054 2047
2054 2048 2055
2056 2050 2049
2050 2056 2052
2054 2056 2049
2053 2052 2057
2053 1959 1961
1959 2053 2058
2057 2058 2053
2056 2054 2059
2055 2059 2054
2057 2052 2060
2056 2061 2052
2061 2056 2062
2059 2062 2056
2058 1957 1959
1957 2058 2063
2059 2055 2064
2058 2057 2065
2060 2065 2057
2065 2063 2058
2065 2060 2066
2063 1955 1957
1955 2063 2067
2062 2059 2068
2064 2068 2059
2062 2069 2061
2069 2062 2070
2068 2070 2062
2063 2065 2071
2066 2071 2065
2071 2067 2063
2068 2064 2072
2067 1953 1955
1953 2067 2073
2071 2066 2074
2073 1950 1953
1950 2073 2075
2075 1948 1950
1948 2075 2076
2076 1945 1948
1945 2076 2077
2077 1943 1945
2070 2078 2069
2078 2070 2079
2074 2080 2071
2067 2071 2080
2080 2073 2067
2080 2074 2081
2079 2082 2078
2082 2079 2083
2073 2080 2084
2081 2084 2080
2084 2081 2085
2075 2084 2086
2086 2076 2075
2085 2086 2084
2084 2075 2073
2076 2086 2087
2087 2077 2076
2083 2088 2082
2088 2083 2089
2077 2087 2090
2091 2083 2079
2079 2092 2091
2092 2079 2070
2070 2068 2092
2072 2092 2068
2092 2072 2093
2093 2091 2092
2091 2093 2094
2083 2091 2095
2094 2095 2091
2086 2085 2096
2096 2087 2086
2095 2094 2097
2089 2098 2088
2098 2089 2099
2089 2095 2100
2100 2099 2089
2097 2100 2095
2095 2089 2083
2101 2098 2099
2099 2100 2102
2102 2101 2099
2100 2097 2103
2103 2102 2100
2101 2102 2104
2104 2105 2101
2105 2104 2106
2106 2107 2105
2107 2106 2108
2108 2109 2107
2109 2108 2110
2110 2111 2109
2111 2110 2112
2112 1926 2111
1926 2112 1925
2113 1925 2112
1925 2113 2114
2114 1922 1925
1922 2114 1919
1917 1919 2114
1916 2114 2113
2114 1916 1917
2115 2112 2110
2112 2115 2113
2116 2113 2115
2113 2116 1916
2117 2110 2108
2110 2117 2115
2116 1914 1916
1914 2116 1912
2115 2118 2116
2118 2115 2117
2118 1912 2116
2117 2119 2118
2119 2117 2120
2117 2106 2120
2106 2117 2108
2106 2121 2120
2121 2106 2104
2104 2122 2121
2122 2104 2102
2102 2103 2122
1912 2118 1910
2119 1910 2118
2120 2123 2119
2123 2120 2124
2124 2120 2125
2125 1906 2124
1906 2125 1905
2124 2126 2123
2126 2124 1906
1906 2127 2126
2127 1906 1901
1901 1902 2127
1902 1894 2127
2127 1899 2126
1899 2127 1894
2126 1904 2123
1904 2126 1899
1908 2123 1904
1910 2119 1908
2123 1908 2119
2128 2129 2130
2129 2128 2131
2132 2131 2128
2131 2132 2133
2130 2134 2128
2134 2130 2135
2136 2128 2134
2128 2136 2132
2135 2137 2134
2137 2135 2138
2134 2139 2136
2139 2134 2137
2138 2140 2137
2140 2139 2137
2140 2138 2141
2139 2140 2142
2141 2143 2140
2143 2141 2144
2144 2145 2143
2145 2144 2146
2146 2147 2145
2147 2146 2148
2149 2147 2148
2147 2149 2150
2149 2151 2152
2153 2154 2155
2154 2153 2156
2157 2153 2155
2153 2157 2158
2159 2158 2157
2158 2159 2160
2161 2160 2159
2160 2161 2162
2163 2162 2161
2162 2163 2164
2165 2154 2156
2154 2165 2166
2167 2166 2165
2166 2167 2168
2169 2168 2167
2168 2169 2170
2171 2170 2169
2170 2171 2172
2173 2172 2171
2172 2173 2174
2175 2176 2174
2177 2178 2179
2180 2177 2179
2177 2180 2181
2182 2181 2180
2181 2182 2183
2184 2183 2182
2183 2184 2185
2186 2185 2184
2185 2186 2187
2188 2187 2186
2187 2188 2189
2190 2189 2188
2189 2190 2191
2192 2191 2190
2191 2192 2193
2194 2193 2192
2193 2194 2195
2196 2197 2198
2198 2197 2199
2199 2197 2200
2201 2196 2198
2196 2201 2202
2203 2198 2199
2198 2203 2201
2199 2204 2203
2204 2199 2200
2200 2205 2204
2205 2200 2206
2197 2206 2200
2206 2207 2205
2207 2206 2208
2197 2209 2206
1610 2201 2203
2201 1610 1607
1607 2202 2201
2203 1612 1610
1612 2203 2204
2204 2210 1612
2210 2204 2205
2211 1612 2210
2210 2212 2211
2213 2211 2212
2211 2213 2214
1597 2214 2213
2214 1597 1598
1600 2214 1598
2214 1600 1603
1603 2211 2214
2211 1603 1611
1612 2211 1611
2212 2210 2215
2205 2215 2210
2215 2205 2207
2202 1607 1608
2216 2217 2218
2217 2219 2218
2217 2220 2219
2220 2217 2221
2222 2221 2217
2221 2222 2223
2221 2224 2220
2224 2221 2225
2223 2225 2221
2225 2226 2224
2226 2225 2227
2228 2227 2225
2225 2223 2228
2227 2228 2229
2229 2230 2227
2230 2226 2227
2230 2229 2231
2231 2232 2230
2232 2231 2233
2234 2232 2233
2232 2234 2235
2235 2236 2232
2236 2235 2237
2238 2237 2235
2237 2238 2239
2235 2240 2238
2240 2235 2234
2241 2239 2238
2239 2241 2242
2238 2243 2241
2243 2238 2240
2244 2242 2241
2243 2244 2241
2242 2244 2245
2244 2243 2246
2244 2247 2245
2247 2244 2248
2246 2248 2244
2248 2246 2249
2248 2250 2247
2250 2248 2251
2248 2249 2252
2248 2252 2251
2252 2253 2251
2251 2254 2250
2254 2251 2255
2253 2255 2251
2255 2253 2256
2257 2256 2253
2255 2258 2254
2258 2255 2259
2256 2260 2255
2260 2259 2255
2257 2261 2256
2262 2257 2253
2262 2253 2263
2264 2262 2263
2264 2263 2265
2266 2264 2265
2266 2265 2267
2268 2266 2267
2268 2267 2269
2270 2268 2269
2267 2271 2269
2271 2272 2269
2270 2269 2272
2272 2273 2270
2273 2272 2274
2275 2273 2274
2276 2275 2274
2275 2276 2277
2277 2278 2275
2278 2277 2279
2279 2280 2278
2280 2279 2281
2280 2281 2282
2282 2283 2280
2280 2284 2278
2284 2280 2283
2278 2285 2275
2285 2278 2284
2273 2275 2285
2274 2286 2276
2286 2274 2272
2272 2271 2286
2287 2288 2289
2288 2287 2290
2291 2289 2288
2289 2291 2292
2293 2292 2291
2294 2290 2287
2290 2294 2295
2296 2295 2294
2295 2296 2297
2298 2297 2296
2297 2298 2299
2300 2299 2298
2299 2300 2301
2300 2302 2301
2302 2300 2303
2293 2304 2292
2293 2305 2304
2306 2307 2308
2307 2306 2309
2308 2310 2306
2310 2308 2311
2311 2312 2310
2312 2311 2313
2313 2314 2312
2314 2313 2315
2309 2316 2307
2316 2309 2317
2318 2316 2317
2318 2319 2316
2318 2320 2319
2321 2322 2323
2322 2321 2324
2324 2325 2322
2325 2324 2326
2326 2327 2325
2327 2326 2328
2328 2329 2327
2329 2328 2330
2323 2331 2321
2331 2323 2332
2332 2333 2331
2333 2332 2334
2333 2334 2335
2336 2329 2330
2336 2337 2329
2338 2339 2340
2340 2341 2338
2341 2340 2342
2342 2343 2341
2343 2342 2344
2343 2344 2345
2346 2347 2348
2347 2349 2348
2349 2347 2350
2350 2351 2349
2351 2350 2352
2352 2353 2351
2353 2354 2351
2353 2355 2354
2355 2356 2354
2355 2357 2356
2357 2358 2356
2357 2359 2358
2359 2360 2358
2360 2359 2361
2361 2362 2360
2362 2361 2363
2363 2364 2362
2364 2363 2365
2366 2364 2365
2364 2366 2367
2368 2367 2366
2367 2368 2369
2370 2369 2368
2369 2370 2371
2370 2372 2371
2373 2374 2375
2376 2377 2373
2377 2376 2378
2379 2380 2377
2380 2379 2381
2382 2380 2383
2384 2382 2385
2386 2387 2388
2389 2388 2387
2389 2390 2388
2391 2390 2389
2390 2391 2392
2393 2392 2391
2392 2393 2394
2395 2394 2393
2394 2395 2396
2397 2396 2395
2396 2397 2398
2399 2398 2397
2398 2399 2400
2399 2401 2400
2402 1070 1088
2402 1068 1070
2402 2403 1068
2403 1066 1068
2404 1066 2403
2404 1064 1066
2405 1064 2404
2405 1062 1064
2406 1062 2405
2406 1060 1062
1060 2406 1057
1088 1070 1072
2407 2408 2409
2408 2407 2410
2409 2411 2407
2411 2409 2412
2412 2413 2411
2413 2412 2414
2414 2415 2413
2415 2414 2416
2410 2417 2408
2417 2410 2418
2419 2417 2418
2416 2420 2415
2420 2416 2421
2421 2422 2420
2422 2421 2423
2423 2424 2422
2424 2423 2425
2426 2424 2425
2419 2427 2417
2419 2418 2428
2428 1810 2419
1810 2428 2429
2429 1809 1810
1809 2429 2430
2430 1818 1809
1818 2430 2431
2431 1824 1818
1824 2431 2432
2432 1832 1824
1832 2432 2433
2433 1838 1832
1838 2433 2434
2434 1854 1838
1854 1846 1838
2434 2435 1854
1810 1811 2436
1802 1800 1811
2437 2438 2439
2440 2441 2442
2443 2441 2440
2441 2443 2444
2445 2444 2443
2440 2442 2446
2447 2446 2442
2446 2447 2448
2448 2447 2449
2450 2451 2452
2453 2451 2450
2454 2451 2453
2451 2454 2455
2456 2451 2455
2451 2456 2452
2453 2457 2454
2457 2453 2458
2459 2450 2458
2460 2455 2454
2455 2460 2461
2462 2455 2461
2455 2462 2456
2454 2463 2460
2463 2454 2457
2464 2461 2460
2461 2464 2465
2466 2461 2465
2461 2466 2462
2460 2467 2464
2467 2460 2463
2468 2464 2467
2464 2468 2469
2469 2470 2464
2470 2465 2464
2465 2470 2471
2465 2471 2466
2472 2469 2468
2469 2472 2473
2473 2470 2469
2474 2473 2472
2475 2476 2472
2477 2476 2475
2476 2477 2478
2479 2478 2477
2478 2479 2480
2481 2480 2479
2480 2481 2482
2483 2482 2481
2482 2483 2484
2485 2484 2483
2484 2485 2486
2487 2486 2485
2486 2487 2488
2489 2488 2487
2488 2489 2490
2491 2490 2489
2490 2491 2492
2493 2492 2491
2492 2493 2494
2495 2494 2493
2494 2495 2496
2497 2496 2495
2496 2497 2498
2499 2498 2497
2498 2499 2500
2501 2500 2499
2500 2501 2502
2503 2502 2501
2502 2503 2504
2505 2504 2503
2504 2505 2506
2505 2507 2506
2508 2509 2510
2510 2511 2508
2511 2510 2512
2512 2513 2511
2513 2512 2514
2514 2515 2513
2515 2514 2516
2517 2515 2516
2515 2517 2518
2519 2520 2521
2522 2523 2524
2524 2525 2522
2524 2526 2525
2524 2527 2526
2522 2528 2523
2528 2522 2529
2522 2530 2529
2530 2522 2525
2531 2526 2527
2526 2531 2532
2525 2532 2530
2532 2525 2526
2529 2533 2528
2533 2529 2534
2529 2535 2534
2535 2529 2530
2536 2532 2531
2532 2536 2537
2530 2537 2535
2537 2530 2532
2534 2538 2533
2538 2534 2539
2540 2537 2536
2537 2540 2541
2541 2535 2537
2534 2542 2539
2542 2534 2535
2535 2541 2542
2539 2543 2538
2543 2539 2544
2545 2541 2540
2541 2545 2546
2546 2542 2541
2539 2547 2544
2547 2539 2542
2542 2546 2547
2548 2543 2544
2543 2548 2549
2550 2546 2545
2546 2550 2551
2551 2547 2546
2544 2552 2548
2552 2544 2547
2547 2551 2552
2553 2549 2548
2554 2551 2550
2551 2554 2555
2555 2552 2551
2556 2548 2552
2552 2555 2556
2548 2556 2557
2548 2557 2553
2558 2555 2554
2555 2558 2559
2559 2560 2555
2560 2557 2556
2560 2556 2555
2561 2560 2559
2560 2561 2562
2562 2563 2560
2557 2560 2563
2563 2562 2564
2565 2562 2561
2562 2565 2566
2567 2566 2565
2565 2568 2567
2568 2565 2569
2569 2565 2570
2565 2561 2570
2570 2561 2571
2561 2559 2571
2571 2559 2572
2573 2572 2559
2572 2573 2574
2574 2575 2572
2575 2574 2576
2577 2575 2576
2575 2577 2578
2579 2578 2577
2578 2579 2580
2580 2581 2578
2581 2580 2582
2583 2581 2582
2581 2583 2584
2585 2584 2583
2584 2585 2586
2586 2587 2584
2587 2586 2588
2584 2589 2581
2589 2584 2587
2578 2589 2575
2589 2578 2581
2588 2590 2587
2590 2588 2591
2587 2592 2589
2592 2587 2590
2592 2575 2589
2575 2592 2572
2591 2593 2590
2591 2594 2593
2593 2595 2590
2595 2592 2590
2592 2595 2571
2572 2592 2571
2594 2596 2593
2596 2594 2597
2598 2571 2595
2571 2598 2570
2597 2599 2596
2599 2597 2600
2600 2601 2599
2601 2600 2602
2603 2570 2598
2570 2603 2569
2604 2569 2603
2569 2604 2568
2605 2568 2604
2568 2605 2606
2606 2567 2568
2567 2606 2607
2608 2606 2605
2606 2608 2609
2609 2607 2606
2607 2610 2567
2566 2567 2610
2611 2566 2610
2566 2611 2612
2613 2611 2610
2610 2607 2613
2611 2613 2614
2615 2609 2608
2609 2615 2616
2607 2609 2617
2617 2613 2607
2616 2617 2609
2613 2617 2618
2618 2614 2613
2615 2619 2616
2619 2615 2620
2617 2616 2621
2621 2618 2617
2622 2619 2620
2619 2622 2623
2618 2621 2624
2622 2625 2623
2625 2622 2626
2626 2627 2625
2627 2626 2628
2628 2629 2627
2629 2628 2630
2629 2630 2631
2631 2630 2632
2631 2632 2633
2631 2634 2629
2634 2631 2635
2631 2633 2635
2635 2633 2636
2637 2627 2629
2637 2629 2634
2637 2634 2638
2627 2637 2639
2639 2625 2627
2625 2639 2640
2640 2623 2625
2623 2640 2641
2641 2619 2623
2619 2641 2642
2642 2616 2619
2616 2642 2621
2642 2624 2621
2624 2642 2643
2642 2644 2643
2644 2642 2641
2641 2645 2644
2645 2641 2640
2646 2639 2637
2646 2637 2638
2639 2646 2647
2647 2640 2639
2640 2647 2645
2648 2643 2644
2643 2648 2649
2643 2649 2624
2649 2650 2624
2651 2624 2650
2624 2651 2618
2644 2652 2648
2652 2644 2645
2645 2653 2652
2653 2645 2647
2647 2646 2654
2647 2654 2653
2646 2655 2654
2656 2655 2646
2656 2646 2638
2638 2657 2656
2638 2658 2657
2659 2658 2638
2659 2660 2658
2659 2661 2660
2636 2661 2659
2635 2636 2659
2634 2635 2659
2634 2659 2638
2614 2618 2651
2662 2663 2664
2662 2665 2663
2665 2662 2666
2666 2667 2665
2667 2666 2668
2668 2669 2667
2669 2668 2670
2670 2671 2669
2671 2670 2672
2672 2673 2671
2673 2672 2674
2674 2675 2673
2675 2674 2676
2676 2677 2675
2677 2676 2678
2678 2679 2677
2679 2680 2677
2678 2681 2679
2681 2682 2679
2682 2680 2679
2682 2683 2680
2680 2683 2684
2684 2685 2680
2685 2677 2680
2685 2684 2686
2685 2686 2687
2687 2688 2685
2688 2687 2689
2688 2689 2690
2688 2691 2685
2691 2688 2692
2692 2688 2693
2694 2685 2691
2683 2682 2695
2681 2696 2682
2682 2696 2697
2682 2697 2695
2696 2698 2697
2677 2685 2694
2696 2699 2698
2700 2699 2696
2696 2681 2700
2701 2700 2681
2700 2701 2702
2699 2700 2703
2702 2703 2700
2703 2702 2704
2703 2705 2699
2699 2705 2706
2699 2706 2698
2705 2703 2707
2704 2708 2703
2708 2704 2709
2701 2681 2678
2701 2678 2710
2678 2711 2710
2711 2678 2676
2676 2712 2711
2712 2676 2674
2674 2713 2712
2713 2674 2672
2672 2714 2713
2714 2672 2670
2670 2715 2714
2715 2670 2668
2668 2716 2715
2716 2668 2666
2666 2717 2716
2717 2666 2662
2717 2662 2664
2718 2719 2720
2718 2721 2719
2719 2722 2720
2722 2719 2723
2721 2723 2719
2723 2721 2724
2723 2725 2722
2725 2723 2726
2723 2727 2726
2727 2723 2724
2728 2725 2726
2725 2728 2729
2726 2730 2728
2730 2726 2727
2731 2732 2733
2732 2734 2733
2731 2735 2732
2735 2734 2732
2735 2731 2736
2734 2735 2737
2736 2738 2735
2738 2737 2735
2738 2736 2739
2737 2738 2740
2739 2741 2738
2741 2740 2738
2741 2739 2742
2740 2741 2743
595 589 2744
2745 2744 589
589 594 2745
2744 2745 2746
2747 2745 594
594 2748 2747
2748 594 593
2745 2747 2749
2749 2746 2745
2750 2747 2748
2747 2750 2751
2751 2749 2747
2746 2749 2752
2749 2751 2753
2753 2752 2749
2750 2754 2751
2754 2750 2755
2756 2754 2755
2752 2753 2757
2751 2758 2753
2758 2751 2754
2758 2757 2753
2754 2759 2758
2759 2754 2756
2760 2759 2756
2759 2760 2761
2762 2761 2760
2761 2762 2763
2757 2758 2764
2759 2764 2758
2764 2759 2765
2766 2761 2763
2761 2766 2767
2759 2767 2765
2767 2759 2761
2768 2752 2757
2752 2768 2769
2770 2769 2768
2769 2770 2771
2771 2772 2769
2772 2771 2773
2773 2774 2772
2774 2773 2775
2775 597 2774
597 2775 598
2768 2776 2770
2776 2768 2777
2778 2776 2777
2776 2778 2779
2780 2779 2778
2779 2780 2781
2782 2781 2780
2781 2782 2783
2784 2783 2782
597 2744 2774
2744 597 595
2746 2774 2744
2774 2746 2772
2746 2769 2772
2769 2746 2752
2764 2778 2777
2777 2757 2764
2757 2777 2768
2778 2764 2765
2785 2782 2780
2785 2778 2765
2782 2785 2786
2767 2786 2785
2767 2785 2765
2786 2767 2766
2785 2780 2778
2787 2788 2789
2787 2790 2788
2790 2787 2791
2792 591 590
2792 2793 591
2793 592 591
2750 2793 2792
2794 2750 2792
2795 2750 2794
2694 2796 2797
2798 2799 2675
2800 2801 2802
2801 2800 2803
2804 2802 2801
2802 2804 2805
2806 2805 2804
2805 2806 2807
2806 2808 2807
2808 2806 2809
2810 2808 2809
2811 2812 2813
2812 2811 2814
2811 2815 2814
2815 2811 2816
2813 2817 2811
2817 2816 2811
2817 2813 2818
2816 2817 2819
2818 2820 2817
2820 2819 2817
2820 2818 2821
2819 2820 2822
2823 2820 2821
2820 2823 2824
2824 2822 2820
2822 2824 2825
2826 2824 2823
2824 2826 2827
2827 2825 2824
2825 2827 2828
2829 2827 2826
2827 2829 2830
2830 2828 2827
2828 2830 2831
2829 2832 2830
2832 2831 2830
2831 2832 2833
2834 2833 2832
2833 2834 2835
2834 2836 2835
2836 2834 2837
2837 2838 2836
2838 2837 2839
2839 2840 2838
2840 2839 2841
2840 2841 2842
2843 2844 2602
2845 2844 2843
2846 2845 2843
2844 2601 2602
2847 2848 2849
2850 2851 2848
2851 2850 2852
1924 2852 2850
2852 1924 1918
1918 1915 2852
2852 2853 2851
2853 2852 1915
1915 1913 2853
2854 2855 2856
2854 2857 2855
2857 2858 2855
2858 2857 2859
2859 2860 2858
2860 2859 2861
2862 2860 2861
2863 2862 2861
2864 2854 2856
2865 2862 2863
2862 2865 2866
2867 2866 2865
2866 2867 2868
2867 2869 2868
2869 2867 2870
2870 2871 2869
2871 2870 2872
2872 2873 2871
2873 2872 2874
2875 2873 2874
2873 2875 2876
2877 2876 2875
2876 2877 2878
2879 2878 2877
2878 2879 2880
2881 2880 2879
2880 2881 2882
2883 2882 2881
2884 1941 1943
2884 1947 1941
2885 1947 2884
2885 2886 1947
2886 1938 1947
1938 2886 1937
2887 1937 2886
1937 2887 2888
1926 1937 2888
2889 2886 2885
2886 2889 2887
2885 2890 2889
2890 2885 2090
2090 2885 2884
2090 2884 2077
2077 2884 1943
2090 2891 2890
2891 2090 2087
2087 2096 2891
2562 2612 2564
2612 2562 2566
706 683 682
2892 2893 2894
2893 2892 2895
2893 2896 2894
2896 2893 2897
2894 2898 2892
2898 2894 2899
1076 2893 2895
2893 1076 1086
1086 2897 2893
2900 2894 2896
2894 2900 2899
2897 1086 1089
2899 2901 2898
2901 2899 2902
2902 2903 2901
2903 2902 2904
2902 2905 2904
2905 2902 2906
2899 2906 2902
2906 2899 2900
2904 2907 2903
2907 2904 2908
2909 2904 2905
2904 2909 2908
2908 2910 2907
2910 2911 2909
2912 2913 2914
2913 2912 2915
2916 2912 2914
2912 2916 2917
2918 2914 2913
2914 2918 2919
2920 2914 2919
2914 2920 2916
2912 1795 2915
1795 2912 1794
2917 1794 2912
1794 2917 1796
2921 2919 2918
2919 2921 2922
2923 2922 2921
2922 2923 2924
2925 2922 2924
2922 2925 2926
2926 2919 2922
2919 2926 2920
2927 2924 2923
2924 2927 2928
2924 2929 2925
2929 2924 2928
2930 2929 2928
2927 2930 2928
2931 2932 2933
2932 2931 2934
2934 2935 2932
2935 2934 2936
1082 2932 2935
2932 1082 1080
1080 2933 2932
2933 1080 1079
2937 2936 2934
2936 2937 2938
2939 2934 2931
2934 2939 2937
2940 2938 2937
2939 2940 2937
2938 2940 2941
2940 2942 2941
2942 2940 2943
2944 2943 2940
2940 2939 2944
2943 2944 2945
2946 2942 2943
2943 2945 2946
2947 2948 2949
2948 2947 2950
2949 1790 2947
1790 2949 1789
2950 2951 2948
2951 2950 2952
2952 2953 2951
2953 2952 2954
2955 2953 2954
2953 2955 2956
2957 2958 2955
2959 2960 2961
2960 2959 2962
2961 2963 2959
2963 2961 2964
2964 2965 2963
2965 2964 2966
2967 2961 2960
2961 2967 2964
2964 2967 2966
2021 2962 2959
2962 2021 2020
2959 2023 2021
2023 2959 2963
2963 2025 2023
2025 2963 2965
1705 2968 1706
1706 2968 2969
496 476 468
496 468 464
496 464 467
496 480 476
480 496 495
495 483 480
466 492 467
492 466 473
473 490 492
490 473 477
2970 2971 2972
2971 2970 2973
2972 2974 2970
2974 2972 2975
2976 2972 2971
2976 2975 2972
2010 2973 2970
2973 2010 2977
2970 2012 2010
2012 2970 2974
2010 2009 2977
1998 2978 2000
557 518 516
1887 2979 2980
1882 2979 1887
2979 1882 2981
1878 2981 1882
2981 1878 2982
1868 2982 1878
2982 1868 1869
1294 1313 1316
1313 1294 1296
1453 1293 1294
1293 1453 1448
1448 1437 1293
1293 1437 1290
2983 2984 2985
2984 2983 2986
2987 2985 2984
2985 2987 2988
2985 2989 2983
2985 2988 2989
2986 2131 2984
2131 2986 2129
2133 2984 2131
2984 2133 2987
2990 2991 2992
2991 2990 2993
2994 2992 2991
1760 2993 2990
2993 1760 1759
2995 1763 1760
1763 2995 2996
2997 2996 2995
2996 2997 2998
2999 2998 2997
3000 3001 3002
3001 3000 3003
368 3004 3001
3004 368 3005
3006 3007 3003
3008 3009 3010
3009 3011 3012
3013 3014 3008
3013 3011 3014
3010 2688 2690
2688 3010 3015
3015 2693 2688
2693 3015 3012
3016 3017 3018
3017 3016 3019
3018 3020 3016
3020 3018 3021
3021 3022 3020
3022 3021 3023
3024 3022 3023
3022 3024 3025
3016 3026 3019
3020 3026 3016
3026 3022 3025
3026 3020 3022
3017 2583 3018
2583 3017 2585
3018 2582 3021
2582 3018 2583
2582 3023 3021
2580 3024 3023
3023 2582 2580
3024 2580 2579
294 310 288
3027 3028 3029
3028 3027 3030
3031 3032 3028
3032 3031 3033
3034 3030 3035
3030 3034 3036
3036 3037 3038
3037 3036 3039
3040 3038 3037
3038 3040 3041
3042 3043 3044
3043 3042 3045
3046 3047 3048
3047 3046 3049
3050 3048 3051
3048 3050 3052
3053 3054 3055
3054 3053 3056
3057 3054 3056
3054 3057 3058
3059 3058 3057
3058 3059 3060
3061 3060 3059
3060 3061 3062
3063 3062 3061
3062 3063 3064
3055 3065 3053
3065 3055 3066
3066 3067 3065
3067 3066 3068
3068 3069 3067
3069 3068 3070
3070 3071 3069
3072 3064 3063
3064 3072 3073
3074 3075 3076
3075 3074 3077
3078 3076 3079
3076 3078 3080
3081 3079 3082
3079 3081 3083
3082 3084 3081
3084 3082 3085
3086 3087 3088
3087 3086 3089
3090 3088 3087
3088 3090 3091
3092 3091 3090
3091 3092 3093
3094 3093 3092
3093 3094 3095
3096 3089 3086
3089 3096 3097
3098 3097 3096
3097 3098 3099
3100 3099 3098
3099 3100 3101
3102 3101 3100
3103 3104 3094
3104 3103 3105
3105 3103 3106
3107 3108 3109
3108 3107 3110
3111 3112 3113
3112 3111 3114
3115 3116 3112
3116 3115 3117
3118 3119 3116
3119 3118 3120
3121 3119 3120
3122 3123 3124
3125 3126 3127
212 3128 218
3129 3130 3131
3130 3132 3131
3129 3133 3130
3133 3129 3134
3130 3135 3132
3135 3130 3133
3134 3136 3133
3136 3134 3137
3137 3138 3136
3138 3137 3139
3140 3136 3138
3136 3140 3141
3133 3141 3135
3141 3133 3136
3139 3142 3138
3142 3139 3143
3138 3144 3140
3144 3138 3142
3142 3145 3144
3145 3142 3146
3143 3146 3142
3146 3143 3147
3148 3149 3150
3151 3150 3149
3150 3151 3152
3153 3152 3151
3152 3153 3154
3155 3154 3153
3154 3155 3156
3157 3156 3155
3156 3157 3158
3159 3158 3157
3158 3159 3160
3161 2232 2236
2232 3161 2230
2226 2230 3161
3162 3163 3164
3163 3162 3165
3166 3162 3164
3162 3166 3167
3167 3168 3169
3168 3167 3170
3171 3169 3168
3169 3171 3172
3172 3173 3174
3173 3172 3175
3174 3176 3177
3178 3177 3176
3177 3178 3179
3176 3174 3180
3181 3179 3178
3179 3181 3182
3183 3182 3181
3182 3183 3184
3183 3185 3184
3186 3187 3188
3187 3186 3189
3189 3190 3187
3190 3189 3191
3187 3192 3188
3192 3187 3193
3190 3193 3187
3193 3194 3192
3194 3193 3195
3196 3195 3193
3193 3190 3196
3195 3196 3197
3195 3198 3194
3198 3195 3199
3197 3199 3195
3199 3200 3198
3200 3199 3201
3202 3201 3199
3199 3197 3202
3201 3202 3203
3204 3200 3201
3203 3204 3201
3200 3204 3205
3206 3205 3204
3207 3206 3204
3204 3203 3207
3206 3207 3208
3205 3206 3209
3210 3209 3206
3208 3210 3206
3209 3210 3211
3212 3211 3210
3213 3212 3210
3210 3208 3213
3212 3213 3214
3211 3212 3215
3212 3216 3215
3214 3216 3212
3217 3218 3219
3218 3217 3220
3221 3220 3217
3220 3221 3222
3221 3223 3222
3223 3221 3224
3224 3225 3223
3225 3224 3226
3226 3227 3225
3227 3226 3228
3229 3227 3228
3227 3229 3230
3231 3230 3229
3230 3231 3232
3232 3231 3233
3231 3234 3233
3234 3235 3233
3236 3237 852
3236 854 3237
3238 3239 3240
3241 3240 3239
3241 3242 3240
3241 3243 3242
3243 3241 3244
3244 3245 3243
3245 3244 3246
3246 3247 3245
3247 3246 3248
3248 3249 3247
3249 3248 3250
3250 3251 3249
3251 3250 3252
3252 3253 3251
3253 3252 3254
3254 3255 3253
3255 3254 3256
3257 3255 3256
3258 3259 3260
3259 3258 3261
3262 3261 3258
3261 3262 3263
3264 3260 3259
3260 3264 3265
3266 3265 3264
3265 3266 3267
3266 3268 3267
3269 3270 3262
3270 3269 3271
3269 3272 3273
3272 3269 3274
3275 3276 3274
3277 3278 3279
3280 3281 3282
3283 3284 3285
3286 3284 3287
3288 3284 3289
3290 3284 3291
3292 3293 3294
3293 3292 3295
3296 3294 3293
3294 3296 3297
3295 1274 3293
1274 3295 1273
3293 1277 3296
1277 3293 1274
3294 3298 3292
3297 3298 3294
1267 3299 1268
3300 3301 3302
3303 3304 3305
3304 3303 3306
3306 3307 3304
3307 3306 3308
3308 3309 3307
3309 3308 3310
3309 3311 3307
3311 3304 3307
3311 3309 3312
3304 3311 3313
3313 3305 3304
3305 3313 3314
3314 3315 3305
3315 3314 3316
3316 3317 3315
3317 3316 3318
3318 3319 3317
3319 3318 3320
3321 3305 3315
3305 3321 3303
3315 3322 3321
3322 3315 3317
3317 3323 3322
3323 3317 3319
3319 3324 3323
3324 3319 3325
3320 3325 3319
3324 3325 3326
3325 3327 3326
3325 3320 3327
3328 3329 3330
3329 3328 3331
3332 3331 3328
3331 3332 3333
3334 3333 3332
3333 3334 3335
3336 3330 3329
3330 3336 3337
3338 3337 3336
3337 3338 3339
3340 3339 3338
3339 3340 3341
3342 3341 3340
3341 3342 3343
3342 3344 3343
3345 3346 1225
2705 3347 2706
3348 3349 3350
3349 3348 3351
3352 3350 3349
3350 3352 3353
3348 3354 3351
3354 3348 3355
3355 3356 3354
3356 3355 3357
3358 3353 3352
3353 3358 3359
3360 3359 3358
3359 3360 3361
3362 3361 3360
3361 3362 3363
3364 3363 3362
3363 3364 3365
3366 3365 3364
3365 3366 3367
3357 3368 3356
3368 3357 3369
3369 3370 3368
3371 3367 3366
3372 3373 3374
3375 3374 3373
3374 3375 3376
3377 3376 3375
3376 3377 3378
3379 3378 3377
3378 3379 3380
3381 3380 3379
3380 3381 3382
3383 3382 3381
3382 3383 3384
3383 3385 3384
3385 3383 3386
3386 3387 3385
3387 3386 3388
3389 3387 3388
3387 3389 3390
3391 3390 3389
3390 3391 3392
3391 3393 3392
3393 3391 3394
3395 3393 3394
3396 3397 3398
3397 3396 3399
3399 3400 3397
3400 3399 3401
3401 3402 3400
3402 3401 3403
3403 3404 3402
3404 3403 3405
3405 3406 3404
3406 3405 3407
3407 3408 3406
3408 3407 3409
3409 3410 3408
3410 3409 3411
3411 3412 3410
3412 3411 3413
3413 3414 3412
3415 3398 3416
3398 3415 3396
3416 3417 3415
3417 3416 3418
3418 3419 3417
3420 3421 3422
3420 3423 3421
3424 3420 3422
3420 3424 3425
3425 3423 3420
3423 3425 3426
3424 3427 3425
3427 3424 3428
3429 3425 3427
3425 3429 3426
3428 3430 3427
3430 3428 3431
3432 3427 3430
3427 3432 3429
3431 3433 3430
3433 3431 3434
3435 3430 3433
3430 3435 3432
3434 3436 3433
3436 3434 3437
3438 3433 3436
3433 3438 3435
3437 3439 3436
3439 3437 3440
3441 3436 3439
3436 3441 3438
3440 3442 3439
3442 3440 3443
3439 3444 3441
3444 3439 3442
3443 3445 3442
3445 3443 3446
3442 3447 3444
3447 3442 3445
3446 3448 3445
3448 3447 3445
3448 3446 3449
3447 3448 3450
3449 3451 3448
3451 3450 3448
3451 3449 3452
3450 3451 3453
3452 3454 3451
3454 3453 3451
3454 3452 3455
3453 3454 3456
3455 3457 3454
3457 3456 3454
3457 3455 3458
3458 3459 3457
3459 3458 3460
3456 3457 3461
3459 3461 3457
3460 3462 3459
3462 3460 3463
3461 3459 3464
3463 3465 3462
3465 3463 3466
3466 3467 3465
3467 3466 3468
3459 3469 3464
3469 3459 3462
3468 3470 3467
3470 3468 3471
3471 3472 3470
3473 3470 3472
3462 3474 3469
3474 3462 3465
3475 3467 3470
3475 3470 3473
3476 3475 3473
3467 3475 3477
3465 3477 3474
3477 3465 3467
3473 3478 3476
3478 3473 3479
3472 3479 3473
3479 3480 3478
3480 3479 3481
3482 3480 3481
3483 3482 3481
3481 3484 3483
3484 3481 3479
3479 3472 3484
3485 3486 3487
3486 3488 3487
3488 3486 3489
3489 3490 3488
3490 3489 3491
3492 3490 3491
3490 3492 3493
3494 3493 3492
3493 3494 3495
3496 3495 3494
3495 3496 3497
3498 3497 3496
3497 3498 3499
3500 3499 3498
3499 3500 3501
3502 3501 3500
3501 3502 3503
3504 3503 3502
3503 3504 3505
3506 3505 3504
3505 3506 3507
3508 3507 3506
3507 3508 3509
3510 3509 3508
3509 3510 3511
3512 3511 3510
3511 3512 3513
3514 3513 3512
3513 3514 3515
3516 3515 3514
3515 3516 3517
3518 3517 3516
3517 3518 3519
3520 3519 3518
3519 3520 3521
3522 3521 3520
3521 3522 3523
3524 3523 3522
3523 3524 3525
3526 3525 3524
3525 3526 3527
3526 3528 3527
3529 3530 3531
3532 3530 3529
3530 3532 3533
3532 3534 3533
3534 3532 3535
3535 3536 3534
3536 3535 3537
3537 3538 3536
3538 3537 3539
3539 3540 3538
3540 3539 3541
3541 3542 3540
3542 3541 3543
3543 3544 3542
3544 3543 3545
3545 3546 3544
3546 3545 3547
3547 3548 3546
3548 3547 3549
3549 3550 3548
3550 3549 3551
3551 3552 3550
3552 3551 3553
3553 3554 3552
3554 3553 3555
3555 3556 3554
3556 3555 3557
3557 3558 3556
3558 3557 3559
3559 3560 3558
3560 3559 3561
3561 3562 3560
3562 3561 3563
3563 3564 3562
3564 3563 3565
3565 3566 3564
3566 3565 3567
3567 3568 3566
3568 3567 3569
3569 3570 3568
3570 3569 3571
3572 3570 3571
3573 3574 3575
3576 3575 3574
3575 3576 3577
3578 3577 3576
3577 3578 3579
3580 3579 3578
3579 3580 3581
3580 3582 3581
3582 3580 3583
3583 3584 3582
3584 3583 3585
3585 3586 3584
3586 3585 3587
3587 3588 3586
3588 3587 3589
3589 3590 3588
3590 3589 3591
3592 3590 3591
3590 3592 3593
3594 3593 3592
3593 3594 3595
3594 3596 3595
3596 3594 3597
3597 3598 3596
3598 3597 3599
3599 3600 3598
3600 3599 3601
3601 3602 3600
3602 3601 3603
3603 3604 3602
3604 3603 3605
3605 3606 3604
3606 3605 3607
3607 3608 3606
3608 3607 3609
3610 3608 3609
3608 3610 3611
3612 3611 3610
3611 3612 3613
3614 3613 3612
3613 3614 3615
3615 3614 3616
3617 3618 3619
3619 3620 3617
3620 3619 3621
3622 3620 3621
3620 3622 3623
3622 3624 3623
3624 3622 3625
3626 3624 3625
3624 3626 3627
3628 3627 3626
3627 3628 3629
3630 3629 3628
3629 3630 3631
3632 3631 3630
3631 3632 3633
3634 3633 3632
3633 3634 3635
3636 3635 3634
3635 3636 3637
3638 3637 3636
3637 3638 3639
3640 3639 3638
3639 3640 3641
3642 3641 3640
3641 3642 3643
3644 3643 3642
3643 3644 3645
3646 3645 3644
3645 3646 3647
3648 3647 3646
3647 3648 3649
3650 3649 3648
3649 3650 3651
3652 3651 3650
3651 3652 3653
3654 3653 3652
3653 3654 3655
3656 3655 3654
3655 3656 3657
3658 3657 3656
3657 3658 3659
3658 3660 3659
