byte offset: 0
first index: 83478
index count: 3864
topology: trianglelist
format: DXGI_FORMAT_R16_UINT

25378 25379 25380
25381 25378 25380
25382 25378 25381
25378 25382 25383
25384 25383 25382
25383 25384 25385
25386 25385 25384
25385 25386 25387
25388 25387 25386
25387 25388 25389
25390 25389 25388
25389 25390 25391
25392 25391 25390
25391 25392 25393
25394 25393 25392
25393 25394 25395
25394 25396 25395
25395 25396 25397
25395 25397 25398
25396 25394 25399
25399 25394 25400
25401 25400 25394
25400 25401 25402
25402 25401 25403
25395 25398 25404
25404 25398 25405
25406 25405 25398
25405 25406 25407
25407 25406 25408
25381 25380 25409
25410 25411 25412
25410 25412 25413
25413 25414 25410
25414 25413 25415
25415 25416 25414
25416 25415 25417
25417 25418 25416
25418 25417 25419
25419 25420 25418
25420 25419 25421
25421 25422 25420
25422 25421 25423
25423 25424 25422
25424 25423 25425
25425 25426 25424
25426 25425 25427
25428 25426 25427
25427 25429 25428
25429 25427 25430
25426 25428 25431
25431 25432 25426
25432 25433 25426
25433 25432 25434
25434 25435 25433
25430 25436 25429
25430 25437 25436
25437 25430 25438
25438 25439 25437
25439 25440 25437
25412 25441 25413
25442 25443 25444
25443 25442 25445
25443 25446 25444
25446 25443 25447
25448 25445 25442
25445 25448 25449
25450 25449 25448
25449 25450 25451
25452 25451 25450
25453 25452 25450
25452 25454 25451
25454 25452 25455
25456 25454 25455
25457 25452 25453
25458 25457 25453
25459 25460 25461
25460 25459 25462
25463 25459 25461
25459 25463 25464
25462 25465 25460
25465 25462 25466
25466 25467 25465
25467 25466 25468
25469 25467 25468
25470 25467 25469
25469 25468 25471
25471 25472 25469
25473 25472 25471
25474 25470 25469
25475 25470 25474
25476 25477 25478
25477 25476 25479
25477 25479 25480
25481 25479 25476
25479 25481 25482
25482 25480 25479
25483 25482 25481
25482 25483 25484
25485 25484 25483
25484 25485 25486
25486 25487 25484
25487 25486 25488
25488 25489 25487
25489 25488 25490
25490 25491 25489
25491 25490 25492
25492 25493 25491
25493 25492 25494
25493 25494 25495
25495 25496 25493
25496 25495 25497
25497 25498 25496
25498 25497 25499
25499 25500 25498
25500 25499 25501
25501 25502 25500
25502 25501 25503
25503 25504 25502
25504 25503 25505
25505 25506 25504
25506 25505 25507
25508 25506 25507
25509 25508 25507
25508 25509 25510
25511 25508 25510
25508 25511 25512
25513 25508 25512
25508 25513 25506
25512 25514 25513
25514 25512 25515
25515 25516 25514
25516 25515 25517
25517 25518 25516
25518 25517 25519
25519 25520 25518
25520 25519 25521
25521 25522 25520
25522 25521 25523
25524 25523 25521
25523 25524 25525
25526 25521 25519
25521 25526 25524
25527 25519 25517
25519 25527 25526
25528 25517 25515
25517 25528 25527
25515 25529 25528
25529 25515 25512
25512 25511 25529
25530 25520 25522
25531 25530 25522
25531 25522 25523
25531 25523 25532
25532 25523 25525
25532 25525 25533
25534 25532 25533
25532 25534 25535
25531 25532 25535
25536 25531 25535
25537 25536 25535
25538 25535 25534
25535 25538 25537
25530 25531 25539
25536 25539 25531
25540 25529 25511
25510 25540 25511
25540 25510 25541
25509 25541 25510
25541 25509 25542
25509 25543 25542
25543 25509 25544
25507 25544 25509
25507 25545 25544
25545 25507 25505
25505 25546 25545
25546 25505 25503
25503 25547 25546
25547 25503 25501
25501 25548 25547
25548 25501 25499
25499 25549 25548
25549 25499 25497
25550 25548 25549
25549 25551 25550
25551 25549 25552
25497 25552 25549
25552 25497 25495
25552 25553 25551
25553 25552 25554
25552 25495 25554
25495 25555 25554
25555 25495 25494
25494 25556 25555
25556 25494 25492
25492 25557 25556
25492 25558 25557
25558 25492 25490
25490 25559 25558
25559 25490 25488
25488 25560 25559
25560 25488 25486
25486 25561 25560
25561 25486 25485
25562 25560 25561
25560 25562 25563
25563 25559 25560
25559 25563 25564
25564 25558 25559
25558 25564 25565
25565 25557 25558
25557 25565 25566
25566 25556 25557
25556 25566 25567
25568 25567 25566
25567 25568 25569
25570 25569 25568
25568 25571 25570
25571 25568 25572
25572 25566 25565
25566 25572 25568
25572 25573 25571
25573 25572 25574
25574 25565 25564
25565 25574 25572
25574 25575 25573
25575 25574 25576
25576 25564 25563
25564 25576 25574
25577 25575 25576
25577 25563 25562
25563 25577 25576
25575 25577 25578
25569 25570 25579
25579 25580 25569
25580 25579 25581
25581 25582 25580
25582 25581 25583
25583 25584 25582
25584 25583 25585
25585 25586 25584
25586 25585 25587
25587 25588 25586
25588 25587 25589
25589 25590 25588
25590 25589 25591
25591 25592 25590
25592 25591 25593
25593 25594 25592
25594 25593 25595
25595 25596 25594
25596 25595 25597
25597 25598 25596
25598 25597 25599
25600 25598 25599
25598 25600 25601
25600 25602 25601
25602 25600 25603
25603 25604 25602
25604 25603 25605
25605 25606 25604
25606 25605 25607
25607 25608 25606
25608 25607 25609
25609 25610 25608
25610 25609 25611
25611 25612 25610
25612 25611 25613
25614 25610 25612
25610 25614 25615
25615 25608 25610
25524 25615 25614
25615 25524 25526
25526 25616 25615
25608 25615 25616
25616 25606 25608
25616 25526 25527
25527 25617 25616
25606 25616 25617
25617 25527 25528
25528 25618 25617
25618 25528 25529
25529 25540 25618
25614 25525 25524
25525 25614 25619
25533 25525 25619
25604 25617 25618
25617 25604 25606
25602 25618 25540
25618 25602 25604
25541 25602 25540
25602 25541 25601
25542 25601 25541
25601 25542 25598
25542 25596 25598
25596 25542 25543
25543 25594 25596
25594 25543 25620
25544 25620 25543
25620 25544 25545
25545 25621 25620
25621 25545 25546
25546 25622 25621
25622 25546 25547
25547 25623 25622
25623 25547 25548
25548 25550 25623
25592 25620 25621
25620 25592 25594
25590 25621 25622
25621 25590 25592
25588 25622 25623
25622 25588 25590
25586 25623 25550
25623 25586 25588
25550 25584 25586
25584 25550 25551
25551 25582 25584
25582 25551 25553
25553 25580 25582
25580 25553 25624
25554 25624 25553
25624 25554 25555
25556 25624 25555
25624 25556 25567
25569 25624 25567
25624 25569 25580
25625 25626 25627
25628 25627 25626
25627 25628 25629
25630 25627 25629
25631 25630 25629
25630 25631 25632
25633 25632 25631
25631 25634 25633
25634 25631 25635
25629 25635 25631
25629 25628 25635
25632 25633 25636
25636 25637 25632
25637 25636 25638
25639 25637 25638
25637 25639 25640
25641 25640 25639
25640 25641 25642
25643 25642 25641
25642 25643 25644
25644 25643 25645
25644 25645 25646
25647 25644 25646
25648 25646 25645
25646 25648 25649
25649 25650 25646
25647 25646 25650
25651 25647 25650
25647 25651 25652
25653 25652 25651
25652 25653 25654
25651 25655 25653
25656 25653 25655
25653 25656 25657
25658 25653 25657
25658 25654 25653
25655 25651 25659
25660 25651 25650
25651 25660 25659
25650 25649 25660
25661 25654 25658
25662 25652 25654
25661 25662 25654
25652 25662 25663
25664 25652 25663
25652 25664 25647
25664 25644 25647
25644 25664 25665
25666 25644 25665
25644 25666 25642
25667 25642 25666
25642 25667 25640
25668 25640 25667
25640 25668 25637
25668 25632 25637
25632 25668 25630
25668 25669 25630
25670 25668 25667
25670 25669 25668
25671 25669 25670
25671 25670 25672
25672 25670 25667
25665 25672 25666
25672 25667 25666
25672 25665 25673
25674 25672 25673
25671 25672 25674
25664 25673 25665
25675 25673 25664
25674 25673 25675
25674 25675 25676
25675 25664 25663
25677 25675 25663
25676 25675 25677
25676 25677 25678
25677 25663 25662
25679 25677 25662
25678 25677 25679
25678 25679 25680
25669 25627 25630
25679 25662 25661
25681 25678 25680
25678 25681 25682
25682 25676 25678
25676 25682 25683
25684 25676 25683
25676 25684 25674
25685 25674 25684
25674 25685 25671
25686 25671 25685
25671 25686 25625
25625 25627 25669
25625 25669 25671
25687 25625 25686
25625 25687 25688
25689 25688 25687
25688 25689 25690
25689 25691 25690
25691 25689 25692
25692 25693 25691
25691 25693 25694
25693 25695 25694
25693 25696 25695
25693 25697 25696
25694 25695 25698
25695 25699 25698
25695 25696 25699
25498 25698 25699
25698 25498 25500
25500 25700 25698
25694 25698 25700
25700 25500 25502
25502 25701 25700
25701 25502 25504
25504 25702 25701
25702 25504 25506
25699 25496 25498
25496 25699 25703
25699 25696 25703
25704 25694 25700
25704 25701 25702
25704 25700 25701
25702 25705 25704
25691 25694 25704
25691 25704 25705
25703 25493 25496
25703 25706 25493
25707 25706 25703
25707 25708 25706
25708 25707 25709
25697 25709 25707
25697 25480 25709
25710 25709 25480
25709 25710 25708
25708 25710 25489
25708 25489 25491
25706 25708 25491
25493 25706 25491
25480 25482 25710
25484 25710 25482
25710 25484 25487
25489 25710 25487
25697 25477 25480
25691 25705 25711
25691 25711 25690
25690 25711 25712
25713 25712 25711
25711 25714 25713
25514 25713 25714
25713 25514 25516
25516 25715 25713
25712 25713 25715
25715 25516 25518
25518 25716 25715
25716 25518 25520
25520 25530 25716
25714 25513 25514
25513 25714 25702
25714 25711 25705
25702 25714 25705
25715 25717 25712
25717 25715 25716
25690 25712 25717
25716 25718 25717
25718 25716 25530
25688 25717 25718
25513 25702 25506
25690 25717 25688
25626 25688 25719
25626 25719 25539
25719 25530 25539
25539 25628 25626
25628 25539 25720
25628 25720 25635
25720 25721 25635
25635 25721 25634
25721 25722 25634
25722 25633 25634
25633 25722 25723
25723 25636 25633
25636 25723 25724
25724 25638 25636
25638 25724 25725
25726 25638 25725
25638 25726 25639
25727 25639 25726
25639 25727 25641
25722 25721 25728
25728 25729 25722
25722 25729 25730
25730 25723 25722
25727 25726 25731
25731 25726 25732
25725 25732 25726
25732 25725 25733
25724 25733 25725
25733 25724 25734
25724 25723 25734
25734 25723 25735
25732 25736 25731
25737 25731 25736
25736 25738 25737
25738 25736 25739
25740 25739 25736
25736 25732 25740
25739 25740 25741
25740 25742 25741
25742 25740 25743
25743 25732 25733
25732 25743 25740
25743 25744 25742
25744 25743 25745
25745 25733 25734
25733 25745 25743
25745 25746 25744
25746 25734 25735
25734 25746 25745
25747 25737 25738
25737 25747 25748
25747 25749 25748
25749 25747 25750
25750 25751 25749
25751 25750 25752
25752 25753 25751
25753 25752 25754
25754 25755 25753
25755 25754 25756
25756 25757 25755
25757 25756 25758
25758 25759 25757
25759 25758 25760
25760 25761 25759
25761 25760 25762
25762 25763 25761
25763 25762 25764
25765 25761 25763
25766 25759 25761
25766 25757 25759
25757 25766 25767
25767 25755 25757
25659 25767 25766
25767 25659 25660
25660 25768 25767
25755 25767 25768
25768 25660 25649
25765 25769 25761
25769 25766 25761
25766 25769 25770
25765 25770 25769
25659 25766 25770
25770 25765 25771
25649 25772 25768
25648 25772 25649
25753 25768 25772
25768 25753 25755
25772 25751 25753
25751 25772 25773
25648 25773 25772
25648 25774 25773
25749 25773 25774
25773 25749 25751
25774 25748 25749
25748 25774 25775
25776 25775 25774
25648 25776 25774
25775 25776 25777
25643 25777 25776
25645 25643 25776
25645 25776 25648
25643 25641 25777
25727 25775 25777
25777 25641 25727
25775 25727 25778
25778 25748 25775
25748 25778 25737
25731 25737 25778
25727 25731 25778
25779 25780 25781
25780 25779 25782
25782 25783 25780
25783 25782 25784
25784 25785 25783
25785 25784 25786
25786 25787 25785
25787 25786 25788
25789 25787 25788
25787 25789 25790
25790 25791 25787
25791 25785 25787
25791 25790 25792
25785 25791 25793
25791 25534 25793
25533 25793 25534
25793 25533 25794
25785 25794 25783
25794 25785 25793
25534 25791 25538
25792 25538 25791
25794 25780 25783
25780 25794 25619
25533 25619 25794
25619 25781 25780
25789 25795 25790
25795 25789 25796
25796 25797 25795
25797 25796 25798
25798 25746 25797
25746 25798 25799
25735 25797 25746
25797 25735 25730
25730 25795 25797
25795 25730 25729
25723 25730 25735
25729 25790 25795
25790 25729 25792
25729 25728 25792
25792 25728 25538
25728 25537 25538
25728 25721 25537
25721 25720 25537
25537 25720 25536
25720 25539 25536
25746 25799 25744
25707 25703 25696
25696 25697 25707
25800 25477 25697
25477 25800 25801
25801 25478 25477
25478 25801 25802
25697 25803 25800
25803 25697 25693
25693 25692 25803
25801 25804 25802
25801 25805 25804
25800 25805 25801
25800 25806 25805
25806 25800 25803
25803 25807 25806
25807 25803 25692
25689 25807 25692
25807 25689 25808
25687 25808 25689
25808 25687 25809
25686 25809 25687
25809 25686 25810
25685 25810 25686
25810 25685 25811
25684 25811 25685
25811 25684 25812
25683 25812 25684
25812 25683 25813
25683 25814 25813
25814 25683 25682
25682 25815 25814
25815 25682 25681
25681 25816 25817
25816 25681 25680
25816 25680 25679
25818 25817 25816
25818 25816 25819
25816 25679 25819
25679 25820 25819
25819 25820 25821
25820 25822 25821
25822 25820 25823
25824 25822 25823
25822 25824 25825
25825 25826 25822
25826 25825 25827
25828 25825 25824
25824 25829 25828
25829 25824 25657
25658 25657 25824
25658 25824 25823
25825 25828 25830
25831 25825 25830
25825 25831 25827
25832 25827 25831
25827 25832 25833
25826 25827 25833
25826 25833 25834
25834 25833 25835
25834 25835 25836
25836 25837 25834
25837 25836 25838
25838 25839 25837
25839 25838 25840
25840 25841 25839
25841 25840 25842
25843 25841 25842
25841 25843 25844
25845 25844 25843
25844 25845 25846
25847 25846 25845
25846 25847 25848
25833 25849 25835
25835 25849 25850
25835 25850 25836
25836 25850 25851
25836 25851 25838
25852 25840 25838
25851 25852 25838
25840 25852 25853
25853 25842 25840
25842 25853 25854
25855 25842 25854
25842 25855 25843
25856 25843 25855
25843 25856 25845
25857 25845 25856
25845 25857 25847
25857 25858 25847
25848 25847 25858
25858 25857 25859
25846 25860 25844
25861 25844 25860
25844 25861 25841
25861 25839 25841
25839 25861 25862
25862 25837 25839
25837 25862 25863
25863 25834 25837
25834 25863 25864
25865 25834 25864
25834 25865 25826
25865 25822 25826
25822 25865 25821
25861 25860 25866
25867 25862 25861
25867 25861 25866
25868 25867 25866
25868 25869 25867
25869 25862 25867
25869 25864 25863
25869 25863 25862
25864 25869 25870
25865 25864 25870
25871 25870 25869
25868 25871 25869
25872 25821 25865
25872 25865 25870
25871 25872 25870
25871 25818 25872
25819 25821 25872
25818 25819 25872
25873 25818 25871
25818 25873 25874
25817 25818 25874
25871 25875 25873
25875 25871 25868
25868 25876 25875
25876 25868 25877
25877 25868 25866
25877 25866 25878
25877 25878 25879
25878 25880 25879
25880 25878 25881
25860 25881 25878
25860 25846 25881
25881 25846 25848
25881 25848 25880
25880 25848 25882
25879 25880 25883
25880 25882 25883
25882 25848 25858
25882 25884 25883
25885 25884 25882
25858 25885 25882
25885 25886 25884
25884 25886 25887
25884 25887 25883
25888 25886 25885
25886 25888 25889
25889 25890 25886
25886 25890 25887
25890 25889 25891
25890 25891 25892
25887 25893 25883
25893 25887 25894
25887 25895 25894
25890 25892 25895
25887 25890 25895
25896 25894 25895
25894 25896 25897
25897 25893 25894
25898 25897 25896
25897 25898 25899
25900 25899 25898
25899 25900 25901
25902 25901 25900
25901 25902 25903
25904 25903 25902
25903 25904 25905
25905 25904 25906
25907 25895 25892
25895 25907 25896
25908 25896 25907
25896 25908 25898
25909 25898 25908
25898 25909 25900
25910 25900 25909
25900 25910 25902
25911 25902 25910
25902 25911 25904
25904 25911 25912
25912 25906 25904
25906 25912 25913
25914 25906 25913
25906 25914 25915
25906 25915 25916
25906 25916 25905
25917 25916 25915
25916 25917 25918
25919 25918 25917
25918 25919 25920
25921 25920 25919
25920 25921 25922
25923 25922 25921
25922 25923 25924
25925 25924 25923
25924 25925 25926
25927 25926 25925
25926 25927 25928
25928 25927 25929
25930 25928 25929
25928 25930 25931
25932 25931 25930
25931 25932 25933
25934 25933 25932
25933 25934 25935
25936 25935 25934
25935 25936 25937
25938 25937 25936
25937 25938 25939
25940 25927 25925
25927 25941 25929
25941 25927 25942
25940 25942 25927
25943 25929 25941
25929 25943 25930
25930 25943 25944
25945 25930 25944
25930 25945 25932
25946 25932 25945
25932 25946 25934
25947 25934 25946
25934 25947 25936
25948 25936 25947
25936 25948 25938
25937 25949 25935
25949 25937 25950
25939 25950 25937
25950 25939 25951
25947 25952 25948
25952 25947 25953
25946 25953 25947
25953 25946 25954
25945 25954 25946
25954 25945 25955
25944 25955 25945
25955 25944 25956
25943 25956 25944
25956 25943 25957
25943 25958 25957
25958 25943 25941
25942 25958 25941
25958 25942 25959
25940 25959 25942
25959 25940 25960
25961 25960 25940
25960 25961 25962
25963 25962 25961
25961 25923 25963
25921 25963 25923
25963 25921 25964
25919 25964 25921
25964 25919 25965
25917 25965 25919
25965 25917 25966
25915 25966 25917
25966 25915 25967
25915 25914 25967
25923 25961 25925
25925 25961 25940
25962 25963 25968
25964 25968 25963
25968 25964 25969
25965 25969 25964
25969 25965 25970
25966 25970 25965
25970 25966 25971
25967 25971 25966
25971 25967 25972
25914 25972 25967
25972 25914 25973
25914 25974 25973
25974 25914 25913
25913 25975 25974
25975 25913 25912
25911 25975 25912
25975 25911 25976
25910 25976 25911
25976 25910 25977
25909 25977 25910
25977 25909 25978
25908 25978 25909
25978 25908 25979
25907 25979 25908
25979 25907 25980
25892 25980 25907
25980 25892 25981
25891 25981 25892
25980 25982 25979
25982 25980 25983
25983 25984 25982
25985 25982 25984
25982 25985 25986
25986 25979 25982
25979 25986 25978
25987 25986 25985
25986 25987 25988
25988 25978 25986
25989 25988 25987
25988 25989 25990
25991 25990 25989
25990 25991 25992
25993 25992 25991
25992 25993 25994
25993 25995 25994
25995 25993 25996
25997 25995 25996
25995 25997 25998
25999 25998 25997
25998 25999 26000
26001 26000 25999
26000 26001 26002
26003 26002 26001
26002 26003 26004
26005 26004 26003
26004 26005 26006
26007 26006 26005
26006 26007 26008
26009 26008 26007
26008 26009 26010
26011 26010 26009
26010 26011 26012
26013 26012 26011
26012 26013 26014
26015 26014 26013
26014 26015 26016
26017 26016 26015
26016 26017 26018
26019 26018 26017
26018 26019 26020
26021 26020 26019
26020 26021 26022
26023 26022 26021
26022 26023 26024
26023 26025 26024
26025 26023 26026
26014 25959 26012
25960 26012 25959
26012 25960 26010
25962 26010 25960
26010 25962 26008
25968 26008 25962
26008 25968 26006
25969 26006 25968
26006 25969 26004
25970 26004 25969
26004 25970 26002
25971 26002 25970
26002 25971 26000
25972 26000 25971
26000 25972 25998
25973 25998 25972
25998 25973 25995
25973 25994 25995
25994 25973 25974
25974 25992 25994
25992 25974 25975
25976 25992 25975
25992 25976 25990
25977 25990 25976
25990 25977 25988
25978 25988 25977
25613 25781 25612
25781 25613 25779
25781 25614 25612
25619 25614 25781
25625 25688 25626
26027 26028 26029
26028 26027 26030
26028 26031 26029
26029 25951 26027
25951 26029 25950
26031 25950 26029
25950 26031 25949
26032 25949 26031
26033 26032 26031
26033 26031 26028
26033 26034 26032
25949 26032 26035
26034 26035 26032
26035 25933 25949
26035 25931 25933
26035 26034 26036
26036 25931 26035
26034 26037 26036
26037 25928 26036
25928 25931 26036
25933 25935 25949
26037 25926 25928
26038 25926 26037
25926 26038 25924
26039 25924 26038
25924 26039 25922
26040 25922 26039
25922 26040 25920
26041 25920 26040
25920 26041 25918
26042 25918 26041
25918 26042 25916
26038 26037 26043
26044 26039 26038
26044 26038 26043
26045 26044 26043
26045 26043 26033
26045 26046 26044
26046 26039 26044
26046 26040 26039
26047 26046 26045
26048 26040 26046
26048 26042 26041
26047 26048 26046
26048 26041 26040
26042 26048 26049
26047 26049 26048
25905 25916 26042
25905 26042 26050
26042 26049 26050
26050 25903 25905
26051 25903 26050
25903 26051 25901
26052 25901 26051
25901 26052 25899
26053 25899 26052
25899 26053 25897
25893 25897 26053
26050 26054 26051
26054 26050 26049
26047 26054 26049
26051 26055 26052
26055 26051 26054
26056 26055 26054
26047 26056 26054
26052 26057 26053
26057 26052 26055
26056 26057 26055
26053 26058 25893
26058 26053 26057
26059 26058 26057
26056 26059 26057
26060 26059 26056
26059 26060 26061
26061 25877 26059
25877 26061 25876
26047 26060 26056
26060 26047 26062
26045 26062 26047
26062 26045 26063
25877 25879 26059
25879 26064 26059
25883 26064 25879
26064 25883 25893
26033 26063 26045
26063 26033 26065
26028 26065 26033
26065 26028 26066
26067 25876 26061
25876 26067 26068
26068 25875 25876
25875 26068 26069
26069 25873 25875
25873 26069 26070
26070 25874 25873
25874 26070 26071
26066 26072 26065
26065 26072 26073
26066 26074 26072
26043 26034 26033
26034 26043 26037
26075 25874 26076
25874 26075 25817
26077 25817 26075
25817 26077 25681
26078 26063 26073
26063 26078 26062
26078 26060 26062
26060 26078 26079
26079 26061 26060
26061 26079 26067
26073 26063 26080
25984 25983 26081
26082 26081 25983
26081 26082 26083
26084 26083 26082
26083 26084 26085
26086 26085 26084
26085 26086 26087
26088 26087 26086
26087 26088 26089
26090 26089 26088
26089 26090 26091
26090 26092 26091
26092 26090 26093
26094 26093 26090
26088 26094 26090
26093 26094 26095
26094 26088 26096
25889 26094 26096
26096 25891 25889
25891 26096 26097
26097 26088 26086
26088 26097 26096
26084 26097 26086
26094 25889 25888
26095 26094 25888
25891 26097 25981
26097 26084 25981
25981 26084 26082
26098 26092 26093
26092 26098 26099
26100 26099 26098
26099 26100 26101
26102 26101 26100
26101 26102 26103
26100 26104 26102
26105 26102 26104
26105 26104 25856
26102 26105 26106
26106 26107 26102
26107 26103 26102
26108 26107 26106
26107 26108 26109
26110 26109 26108
26109 26110 26111
26110 26112 26111
26112 26110 26113
26113 26114 26112
26114 26113 26115
26115 26116 26114
26116 26115 26117
26118 26116 26117
26116 26118 26119
26120 26119 26118
26119 26120 26121
26122 26121 26120
26121 26122 26123
26124 26123 26122
26123 26124 26125
26126 26125 26124
26125 26126 26127
26128 26127 26126
26127 26128 26129
26130 26129 26128
26129 26130 26131
26132 26131 26130
26131 26132 26133
26134 26132 26130
26135 26130 26128
26126 26135 26128
26135 26126 26136
26124 26136 26126
26136 25830 26135
25830 26136 25831
26137 25831 26136
26136 26124 26137
25831 26137 25832
26134 26130 26138
26138 26130 26135
25832 26137 26139
25849 25832 26139
25849 25833 25832
26137 26122 26139
26122 26137 26124
26120 26139 26122
26139 26120 26140
25849 26139 26140
25849 26140 26141
26118 26140 26120
26140 26118 26141
26117 26141 26118
26141 26117 26142
26142 25850 26141
25849 26141 25850
25850 26142 25851
26142 25852 25851
25852 26142 26143
26117 26143 26142
26143 26117 26115
26115 26144 26143
25852 26143 26144
25852 26144 25853
26144 26145 25853
26144 26115 26113
26113 26145 26144
26145 26113 26110
26108 26145 26110
26145 26108 26146
26145 26146 25854
25854 25853 26145
26106 26146 26108
26146 26106 26105
26146 26105 25855
25855 25854 26146
25855 26105 25856
26147 25857 25856
25857 26147 26148
25859 25857 26148
26147 26098 26148
26098 26147 26100
26104 26100 26147
25856 26104 26147
26148 26095 25859
26093 26148 26098
26148 26093 26095
26095 25888 25859
25859 25888 25885
25859 25885 25858
25661 25658 25823
25661 25823 25820
25679 25661 25820
25828 26149 25830
25828 26150 26149
26150 25828 25829
26134 26149 26150
26149 26134 26138
26149 26138 26135
26149 26135 25830
25959 26014 25958
26016 25958 26014
25958 26016 25957
26018 25957 26016
25957 26018 25956
26020 25956 26018
25956 26020 25955
26022 25955 26020
25955 26022 25954
26024 25954 26022
25954 26024 25953
26025 25953 26024
25953 26025 25952
25866 25860 25878
26082 25983 25980
25981 26082 25980
26151 26152 26153
26153 26030 26151
26030 26153 26028
25771 25655 25770
25655 25771 25656
25655 25659 25770
