stride: 84
first vertex: 0
vertex count: 188
topology: trianglelist
element[0]:
  SemanticName: POSITION
  SemanticIndex: 0
  Format: R32G32B32_FLOAT
  InputSlot: 0
  AlignedByteOffset: 0
  InputSlotClass: per-vertex
  InstanceDataStepRate: 0
element[1]:
  SemanticName: NORMAL
  SemanticIndex: 0
  Format: R32G32B32_FLOAT
  InputSlot: 0
  AlignedByteOffset: 12
  InputSlotClass: per-vertex
  InstanceDataStepRate: 0
element[2]:
  SemanticName: TANGENT
  SemanticIndex: 0
  Format: R32G32B32A32_FLOAT
  InputSlot: 0
  AlignedByteOffset: 24
  InputSlotClass: per-vertex
  InstanceDataStepRate: 0
element[3]:
  SemanticName: BLENDWEIGHTS
  SemanticIndex: 0
  Format: R32G32B32A32_FLOAT
  InputSlot: 0
  AlignedByteOffset: 40
  InputSlotClass: per-vertex
  InstanceDataStepRate: 0
element[4]:
  SemanticName: BLENDINDICES
  SemanticIndex: 0
  Format: R32G32B32A32_UINT
  InputSlot: 0
  AlignedByteOffset: 56
  InputSlotClass: per-vertex
  InstanceDataStepRate: 0
element[5]:
  SemanticName: COLOR
  SemanticIndex: 0
  Format: R8G8B8A8_UNORM
  InputSlot: 0
  AlignedByteOffset: 72
  InputSlotClass: per-vertex
  InstanceDataStepRate: 0
element[6]:
  SemanticName: TEXCOORD
  SemanticIndex: 0
  Format: R32G32_FLOAT
  InputSlot: 0
  AlignedByteOffset: 76
  InputSlotClass: per-vertex
  InstanceDataStepRate: 0

vertex-data:

vb0[0]+000 POSITION: -0.059464287012815475, 1.0991864204406738, 0.08531094342470169
vb0[0]+012 NORMAL: -0.40308877825737, -0.052647244185209274, 0.913645327091217
vb0[0]+024 TANGENT: -0.8122240900993347, -0.07796723395586014, 0.5781118273735046, -1.0
vb0[0]+040 BLENDWEIGHTS: 1.0, 0.0, 0.0, 0.0
vb0[0]+056 BLENDINDICES: 0, 0, 0, 0
vb0[0]+072 COLOR: 1.0, 0.5019607843137255, 0.5019607843137255, 0.0
vb0[0]+076 TEXCOORD: 0.7140946984291077, 0.46258461475372314

vb0[1]+000 POSITION: -0.059079088270664215, 1.096326231956482, 0.08531949669122696
vb0[1]+012 NORMAL: -0.40332984924316406, -0.05224613845348358, 0.9135619401931763
vb0[1]+024 TANGENT: -0.8035931587219238, -0.13809996843338013, 0.5789356231689453, -1.0
vb0[1]+040 BLENDWEIGHTS: 1.0, 0.0, 0.0, 0.0
vb0[1]+056 BLENDINDICES: 0, 0, 0, 0
vb0[1]+072 COLOR: 1.0, 0.5019607843137255, 0.5019607843137255, 0.0
vb0[1]+076 TEXCOORD: 0.7126374840736389, 0.45567333698272705

vb0[2]+000 POSITION: -0.043652914464473724, 1.0980607271194458, 0.08916153758764267
vb0[2]+012 NORMAL: -0.31863290071487427, -0.065761499106884, 0.945594310760498
vb0[2]+024 TANGENT: -0.3172800540924072, -0.05584990605711937, 0.9466858506202698, -1.0
vb0[2]+040 BLENDWEIGHTS: 1.0, 0.0, 0.0, 0.0
vb0[2]+056 BLENDINDICES: 0, 0, 0, 0
vb0[2]+072 COLOR: 1.0, 0.5019607843137255, 0.5019607843137255, 0.0
vb0[2]+076 TEXCOORD: 0.6744704246520996, 0.46284937858581543

vb0[3]+000 POSITION: -0.05840930715203285, 1.0936646461486816, 0.08546369522809982
vb0[3]+012 NORMAL: -0.4043888747692108, -0.05449974536895752, 0.9129619002342224
vb0[3]+024 TANGENT: -0.7854955196380615, -0.2004818171262741, 0.5854945182800293, -1.0
vb0[3]+040 BLENDWEIGHTS: 1.0, 0.0, 0.0, 0.0
vb0[3]+056 BLENDINDICES: 0, 0, 0, 0
vb0[3]+072 COLOR: 1.0, 0.5019607843137255, 0.5019607843137255, 0.0
vb0[3]+076 TEXCOORD: 0.7104531526565552, 0.449313759803772

vb0[4]+000 POSITION: -0.058353718370199203, 1.093672513961792, 0.08403655141592026
vb0[4]+012 NORMAL: -0.9537963271141052, -0.2980288565158844, -0.03809715434908867
vb0[4]+024 TANGENT: -0.9538758993148804, -0.29776817560195923, -0.0381428599357605, -1.0
vb0[4]+040 BLENDWEIGHTS: 1.0, 0.0, 0.0, 0.0
vb0[4]+056 BLENDINDICES: 0, 0, 0, 0
vb0[4]+072 COLOR: 1.0, 0.5019607843137255, 0.5019607843137255, 0.0
vb0[4]+076 TEXCOORD: 0.7137508392333984, 0.4482133388519287

vb0[5]+000 POSITION: -0.059012770652770996, 1.096390962600708, 0.08390792459249496
vb0[5]+012 NORMAL: -0.9815629720687866, -0.18393948674201965, -0.051966167986392975
vb0[5]+024 TANGENT: -0.9813526272773743, -0.18508057296276093, -0.05188613757491112, -1.0
vb0[5]+040 BLENDWEIGHTS: 1.0, 0.0, 0.0, 0.0
vb0[5]+056 BLENDINDICES: 0, 0, 0, 0
vb0[5]+072 COLOR: 1.0, 0.5019607843137255, 0.5019607843137255, 0.0
vb0[5]+076 TEXCOORD: 0.7160118818283081, 0.45497822761535645

vb0[6]+000 POSITION: -0.05939628928899765, 1.0992987155914307, 0.0839070975780487
vb0[6]+012 NORMAL: -0.9958769083023071, -0.07495374977588654, -0.05109940841794014
vb0[6]+024 TANGENT: -0.9958755373954773, -0.07497064769268036, -0.051100727170705795, -1.0
vb0[6]+040 BLENDWEIGHTS: 1.0, 0.0, 0.0, 0.0
vb0[6]+056 BLENDINDICES: 0, 0, 0, 0
vb0[6]+072 COLOR: 1.0, 0.5019607843137255, 0.5019607843137255, 0.0
vb0[6]+076 TEXCOORD: 0.7175148129463196, 0.46227455139160156

vb0[7]+000 POSITION: -0.059528011828660965, 1.1020684242248535, 0.08544432371854782
vb0[7]+012 NORMAL: -0.4042806625366211, -0.05748491361737251, 0.9128267168998718
vb0[7]+024 TANGENT: -0.8120489716529846, -0.02177298069000244, 0.5831830501556396, -1.0
vb0[7]+040 BLENDWEIGHTS: 1.0, 0.0, 0.0, 0.0
vb0[7]+056 BLENDINDICES: 0, 0, 0, 0
vb0[7]+072 COLOR: 1.0, 0.5019607843137255, 0.5019607843137255, 0.0
vb0[7]+076 TEXCOORD: 0.7147048711776733, 0.46962082386016846

vb0[8]+000 POSITION: -0.05947015807032585, 1.1022276878356934, 0.08403921872377396
vb0[8]+012 NORMAL: -0.9988983869552612, 0.03235770761966705, -0.03398531675338745
vb0[8]+024 TANGENT: -0.9989026784896851, 0.03217911720275879, -0.03402811288833618, -1.0
vb0[8]+040 BLENDWEIGHTS: 1.0, 0.0, 0.0, 0.0
vb0[8]+056 BLENDINDICES: 0, 0, 0, 0
vb0[8]+072 COLOR: 1.0, 0.5019607843137255, 0.5019607843137255, 0.0
vb0[8]+076 TEXCOORD: 0.7181559801101685, 0.46968555450439453

vb0[9]+000 POSITION: -0.05928273871541023, 1.1049271821975708, 0.0857371911406517
vb0[9]+012 NORMAL: -0.40764319896698, -0.06548453122377396, 0.910790205001831
vb0[9]+024 TANGENT: -0.8044307827949524, 0.031980276107788086, 0.5931848883628845, -1.0
vb0[9]+040 BLENDWEIGHTS: 1.0, 0.0, 0.0, 0.0
vb0[9]+056 BLENDINDICES: 0, 0, 0, 0
vb0[9]+072 COLOR: 1.0, 0.5019607843137255, 0.5019607843137255, 0.0
vb0[9]+076 TEXCOORD: 0.7144534587860107, 0.4766678810119629

vb0[10]+000 POSITION: -0.058711737394332886, 1.1077165603637695, 0.08619588613510132
vb0[10]+012 NORMAL: -0.41735002398490906, -0.07167049497365952, 0.9059152007102966
vb0[10]+024 TANGENT: -0.7920505404472351, 0.10964871197938919, 0.6005274653434753, -1.0
vb0[10]+040 BLENDWEIGHTS: 1.0, 0.0, 0.0, 0.0
vb0[10]+056 BLENDINDICES: 0, 0, 0, 0
vb0[10]+072 COLOR: 1.0, 0.5019607843137255, 0.5019607843137255, 0.0
vb0[10]+076 TEXCOORD: 0.7132849097251892, 0.4836040735244751

vb0[11]+000 POSITION: -0.0592481903731823, 1.1051362752914429, 0.08432377874851227
vb0[11]+012 NORMAL: -0.9902676939964294, 0.1391485333442688, -0.0027589385863393545
vb0[11]+024 TANGENT: -0.9903096556663513, 0.13884760439395905, -0.002861380809918046, -1.0
vb0[11]+040 BLENDWEIGHTS: 1.0, 0.0, 0.0, 0.0
vb0[11]+056 BLENDINDICES: 0, 0, 0, 0
vb0[11]+072 COLOR: 1.0, 0.5019607843137255, 0.5019607843137255, 0.0
vb0[11]+076 TEXCOORD: 0.7179102301597595, 0.4771125316619873

vb0[12]+000 POSITION: -0.05869843810796738, 1.107979655265808, 0.08477476984262466
vb0[12]+012 NORMAL: -0.9592099189758301, 0.27939626574516296, 0.04306039959192276
vb0[12]+024 TANGENT: -0.9591944217681885, 0.2794468402862549, 0.043076638132333755, -1.0
vb0[12]+040 BLENDWEIGHTS: 1.0, 0.0, 0.0, 0.0
vb0[12]+056 BLENDINDICES: 0, 0, 0, 0
vb0[12]+072 COLOR: 1.0, 0.5019607843137255, 0.5019607843137255, 0.0
vb0[12]+076 TEXCOORD: 0.716657817363739, 0.48445403575897217

vb0[13]+000 POSITION: -0.057634301483631134, 1.110587477684021, 0.08547326177358627
vb0[13]+012 NORMAL: -0.8967950940132141, 0.4320528507232666, 0.09533572942018509
vb0[13]+024 TANGENT: -0.8969132304191589, 0.43182608485221863, 0.09525131434202194, -1.0
vb0[13]+040 BLENDWEIGHTS: 1.0, 0.0, 0.0, 0.0
vb0[13]+056 BLENDINDICES: 0, 0, 0, 0
vb0[13]+072 COLOR: 1.0, 0.5019607843137255, 0.5019607843137255, 0.0
vb0[13]+076 TEXCOORD: 0.7140512466430664, 0.49140000343322754

vb0[14]+000 POSITION: -0.057632651180028915, 1.110269546508789, 0.08689577132463455
vb0[14]+012 NORMAL: -0.4134654402732849, -0.07172290980815887, 0.9076906442642212
vb0[14]+024 TANGENT: -0.750228762626648, 0.19307838380336761, 0.6323587894439697, -1.0
vb0[14]+040 BLENDWEIGHTS: 1.0, 0.0, 0.0, 0.0
vb0[14]+056 BLENDINDICES: 0, 0, 0, 0
vb0[14]+072 COLOR: 1.0, 0.5019607843137255, 0.5019607843137255, 0.0
vb0[14]+076 TEXCOORD: 0.7107543349266052, 0.490095853805542

vb0[15]+000 POSITION: -0.056145329028367996, 1.1125823259353638, 0.0877406895160675
vb0[15]+012 NORMAL: -0.4013797342777252, -0.05991553142666817, 0.9139499068260193
vb0[15]+024 TANGENT: -0.6953431367874146, 0.277922123670578, 0.6627647876739502, -1.0
vb0[15]+040 BLENDWEIGHTS: 1.0, 0.0, 0.0, 0.0
vb0[15]+056 BLENDINDICES: 0, 0, 0, 0
vb0[15]+072 COLOR: 1.0, 0.5019607843137255, 0.5019607843137255, 0.0
vb0[15]+076 TEXCOORD: 0.7071310877799988, 0.496090292930603

vb0[16]+000 POSITION: -0.05425361171364784, 1.1145458221435547, 0.08866112679243088
vb0[16]+012 NORMAL: -0.3856733441352844, -0.04939083382487297, 0.9213124513626099
vb0[16]+024 TANGENT: -0.6255546808242798, 0.35302576422691345, 0.6957401037216187, -1.0
vb0[16]+040 BLENDWEIGHTS: 1.0, 0.0, 0.0, 0.0
vb0[16]+056 BLENDINDICES: 0, 0, 0, 0
vb0[16]+072 COLOR: 1.0, 0.5019607843137255, 0.5019607843137255, 0.0
vb0[16]+076 TEXCOORD: 0.702475905418396, 0.5013291835784912

vb0[17]+000 POSITION: -0.05423567816615105, 1.114952802658081, 0.08728338778018951
vb0[17]+012 NORMAL: -0.7001035809516907, 0.6868772506713867, 0.1950758844614029
vb0[17]+024 TANGENT: -0.6996378302574158, 0.6872949004173279, 0.19527553021907806, -1.0
vb0[17]+040 BLENDWEIGHTS: 1.0, 0.0, 0.0, 0.0
vb0[17]+056 BLENDINDICES: 0, 0, 0, 0
vb0[17]+072 COLOR: 1.0, 0.5019607843137255, 0.5019607843137255, 0.0
vb0[17]+076 TEXCOORD: 0.7052181959152222, 0.5035065412521362

vb0[18]+000 POSITION: -0.056143179535865784, 1.1129499673843384, 0.08633451908826828
vb0[18]+012 NORMAL: -0.8109622597694397, 0.5667526721954346, 0.14536751806735992
vb0[18]+024 TANGENT: -0.8107039332389832, 0.5670900940895081, 0.1454925686120987, -1.0
vb0[18]+040 BLENDWEIGHTS: 1.0, 0.0, 0.0, 0.0
vb0[18]+056 BLENDINDICES: 0, 0, 0, 0
vb0[18]+072 COLOR: 1.0, 0.5019607843137255, 0.5019607843137255, 0.0
vb0[18]+076 TEXCOORD: 0.7101971507072449, 0.4978466033935547

vb0[19]+000 POSITION: -0.052017148584127426, 1.1165646314620972, 0.08829951286315918
vb0[19]+012 NORMAL: -0.570761501789093, 0.7828837037086487, 0.24763788282871246
vb0[19]+024 TANGENT: -0.5700436234474182, 0.7833179235458374, 0.24791814386844635, -1.0
vb0[19]+040 BLENDWEIGHTS: 1.0, 0.0, 0.0, 0.0
vb0[19]+056 BLENDINDICES: 0, 0, 0, 0
vb0[19]+072 COLOR: 1.0, 0.5019607843137255, 0.5019607843137255, 0.0
vb0[19]+076 TEXCOORD: 0.6993122696876526, 0.508194088935852

vb0[20]+000 POSITION: -0.05204989016056061, 1.1161143779754639, 0.08964386582374573
vb0[20]+012 NORMAL: -0.3738812804222107, -0.043815501034259796, 0.9264410734176636
vb0[20]+024 TANGENT: -0.5457839369773865, 0.41510009765625, 0.7278816103935242, -1.0
vb0[20]+040 BLENDWEIGHTS: 1.0, 0.0, 0.0, 0.0
vb0[20]+056 BLENDINDICES: 0, 0, 0, 0
vb0[20]+072 COLOR: 1.0, 0.5019607843137255, 0.5019607843137255, 0.0
vb0[20]+076 TEXCOORD: 0.6969653367996216, 0.5056579113006592

vb0[21]+000 POSITION: -0.049530357122421265, 1.1176838874816895, 0.08936665207147598
vb0[21]+012 NORMAL: -0.4191333055496216, 0.8566067814826965, 0.3009186089038849
vb0[21]+024 TANGENT: -0.41820502281188965, 0.8569564819335938, 0.301214337348938, -1.0
vb0[21]+040 BLENDWEIGHTS: 1.0, 0.0, 0.0, 0.0
vb0[21]+056 BLENDINDICES: 0, 0, 0, 0
vb0[21]+072 COLOR: 1.0, 0.5019607843137255, 0.5019607843137255, 0.0
vb0[21]+076 TEXCOORD: 0.6926042437553406, 0.5116744041442871

vb0[22]+000 POSITION: -0.049582939594984055, 1.1171938180923462, 0.09067152440547943
vb0[22]+012 NORMAL: -0.3600873649120331, -0.04222402349114418, 0.9319625496864319
vb0[22]+024 TANGENT: -0.4520969092845917, 0.45927271246910095, 0.7646417021751404, -1.0
vb0[22]+040 BLENDWEIGHTS: 1.0, 0.0, 0.0, 0.0
vb0[22]+056 BLENDINDICES: 0, 0, 0, 0
vb0[22]+072 COLOR: 1.0, 0.5019607843137255, 0.5019607843137255, 0.0
vb0[22]+076 TEXCOORD: 0.6907157897949219, 0.5088467597961426

vb0[23]+000 POSITION: -0.04686996713280678, 1.118285059928894, 0.09042377024888992
vb0[23]+012 NORMAL: -0.233769953250885, 0.9079378247261047, 0.3478514850139618
vb0[23]+024 TANGENT: -0.23901008069515228, 0.9069591760635376, 0.3468416631221771, -1.0
vb0[23]+040 BLENDWEIGHTS: 1.0, 0.0, 0.0, 0.0
vb0[23]+056 BLENDINDICES: 0, 0, 0, 0
vb0[23]+072 COLOR: 1.0, 0.5019607843137255, 0.5019607843137255, 0.0
vb0[23]+076 TEXCOORD: 0.6853641271591187, 0.5138635635375977

vb0[24]+000 POSITION: -0.046953678131103516, 1.117772102355957, 0.09169188886880875
vb0[24]+012 NORMAL: -0.34286779165267944, -0.03750928118824959, 0.93863445520401
vb0[24]+024 TANGENT: -0.3371429145336151, 0.49901458621025085, 0.7983226180076599, -1.0
vb0[24]+040 BLENDWEIGHTS: 1.0, 0.0, 0.0, 0.0
vb0[24]+056 BLENDINDICES: 0, 0, 0, 0
vb0[24]+072 COLOR: 1.0, 0.5019607843137255, 0.5019607843137255, 0.0
vb0[24]+076 TEXCOORD: 0.6839945912361145, 0.5108180046081543

vb0[25]+000 POSITION: -0.04388761892914772, 1.1177220344543457, 0.09278491139411926
vb0[25]+012 NORMAL: -0.32387250661849976, -0.044608887284994125, 0.9450485110282898
vb0[25]+024 TANGENT: -0.23316657543182373, 0.4986574351787567, 0.8348496556282043, -1.0
vb0[25]+040 BLENDWEIGHTS: 1.0, 0.0, 0.0, 0.0
vb0[25]+056 BLENDINDICES: 0, 0, 0, 0
vb0[25]+072 COLOR: 1.0, 0.5019607843137255, 0.5019607843137255, 0.0
vb0[25]+076 TEXCOORD: 0.6760931611061096, 0.5113904476165771

vb0[26]+000 POSITION: -0.04373325780034065, 1.1182327270507812, 0.09155819565057755
vb0[26]+012 NORMAL: -0.05962720513343811, 0.922676146030426, 0.3809373080730438
vb0[26]+024 TANGENT: -0.058803316205739975, 0.9226529002189636, 0.3811216354370117, -1.0
vb0[26]+040 BLENDWEIGHTS: 1.0, 0.0, 0.0, 0.0
vb0[26]+056 BLENDINDICES: 0, 0, 0, 0
vb0[26]+072 COLOR: 1.0, 0.5019607843137255, 0.5019607843137255, 0.0
vb0[26]+076 TEXCOORD: 0.6768174767494202, 0.5145754814147949

vb0[27]+000 POSITION: -0.04062724858522415, 1.1177418231964111, 0.09258485585451126
vb0[27]+012 NORMAL: 0.10451886057853699, 0.9039067625999451, 0.41476312279701233
vb0[27]+024 TANGENT: 0.10549728572368622, 0.903709352016449, 0.4149453341960907, -1.0
vb0[27]+040 BLENDWEIGHTS: 1.0, 0.0, 0.0, 0.0
vb0[27]+056 BLENDINDICES: 0, 0, 0, 0
vb0[27]+072 COLOR: 1.0, 0.5019607843137255, 0.5019607843137255, 0.0
vb0[27]+076 TEXCOORD: 0.6683303713798523, 0.5139293670654297

vb0[28]+000 POSITION: -0.04085171967744827, 1.1172198057174683, 0.09376231580972672
vb0[28]+012 NORMAL: -0.29702675342559814, -0.047206927090883255, 0.9537015557289124
vb0[28]+024 TANGENT: -0.1160888597369194, 0.49387794733047485, 0.8617469668388367, -1.0
vb0[28]+040 BLENDWEIGHTS: 1.0, 0.0, 0.0, 0.0
vb0[28]+056 BLENDINDICES: 0, 0, 0, 0
vb0[28]+072 COLOR: 1.0, 0.5019607843137255, 0.5019607843137255, 0.0
vb0[28]+076 TEXCOORD: 0.6682636141777039, 0.5107498168945312

vb0[29]+000 POSITION: -0.03792819753289223, 1.1160939931869507, 0.09456758946180344
vb0[29]+012 NORMAL: -0.2731711268424988, -0.05750067159533501, 0.9602454304695129
vb0[29]+024 TANGENT: 0.0062153940089046955, 0.4587946832180023, 0.8885205984115601, -1.0
vb0[29]+040 BLENDWEIGHTS: 1.0, 0.0, 0.0, 0.0
vb0[29]+056 BLENDINDICES: 0, 0, 0, 0
vb0[29]+072 COLOR: 1.0, 0.5019607843137255, 0.5019607843137255, 0.0
vb0[29]+076 TEXCOORD: 0.6607025861740112, 0.5085842609405518

vb0[30]+000 POSITION: -0.03763861954212189, 1.1165881156921387, 0.09343409538269043
vb0[30]+012 NORMAL: 0.2932327091693878, 0.8490875363349915, 0.4393916130065918
vb0[30]+024 TANGENT: 0.2942388355731964, 0.848704993724823, 0.4394580125808716, -1.0
vb0[30]+040 BLENDWEIGHTS: 1.0, 0.0, 0.0, 0.0
vb0[30]+056 BLENDINDICES: 0, 0, 0, 0
vb0[30]+072 COLOR: 1.0, 0.5019607843137255, 0.5019607843137255, 0.0
vb0[30]+076 TEXCOORD: 0.6601064205169678, 0.5116226673126221

vb0[31]+000 POSITION: -0.03487185016274452, 1.1148713827133179, 0.09410977363586426
vb0[31]+012 NORMAL: 0.47339919209480286, 0.7635599374771118, 0.439168781042099
vb0[31]+024 TANGENT: 0.47475963830947876, 0.7627750635147095, 0.4390643835067749, -1.0
vb0[31]+040 BLENDWEIGHTS: 1.0, 0.0, 0.0, 0.0
vb0[31]+056 BLENDINDICES: 0, 0, 0, 0
vb0[31]+072 COLOR: 1.0, 0.5019607843137255, 0.5019607843137255, 0.0
vb0[31]+076 TEXCOORD: 0.6524418592453003, 0.507786750793457

vb0[32]+000 POSITION: -0.03520948812365532, 1.114441156387329, 0.0952100157737732
vb0[32]+012 NORMAL: -0.25745856761932373, -0.06616172194480896, 0.9640216827392578
vb0[32]+024 TANGENT: 0.1281781792640686, 0.41197383403778076, 0.9021351933479309, -1.0
vb0[32]+040 BLENDWEIGHTS: 1.0, 0.0, 0.0, 0.0
vb0[32]+056 BLENDINDICES: 0, 0, 0, 0
vb0[32]+072 COLOR: 1.0, 0.5019607843137255, 0.5019607843137255, 0.0
vb0[32]+076 TEXCOORD: 0.6536456346511841, 0.5050476789474487

vb0[33]+000 POSITION: -0.03285583108663559, 1.1122593879699707, 0.09567467123270035
vb0[33]+012 NORMAL: -0.25149086117744446, -0.07168717682361603, 0.9652010798454285
vb0[33]+024 TANGENT: 0.2439877837896347, 0.3404216766357422, 0.9080654978752136, -1.0
vb0[33]+040 BLENDWEIGHTS: 1.0, 0.0, 0.0, 0.0
vb0[33]+056 BLENDINDICES: 0, 0, 0, 0
vb0[33]+072 COLOR: 1.0, 0.5019607843137255, 0.5019607843137255, 0.0
vb0[33]+076 TEXCOORD: 0.6474669575691223, 0.5001509189605713

vb0[34]+000 POSITION: -0.031003300100564957, 1.1096181869506836, 0.09596998989582062
vb0[34]+012 NORMAL: -0.250908762216568, -0.07255835831165314, 0.9652875065803528
vb0[34]+024 TANGENT: 0.33943971991539, 0.23898664116859436, 0.9097616076469421, -1.0
vb0[34]+040 BLENDWEIGHTS: 1.0, 0.0, 0.0, 0.0
vb0[34]+056 BLENDINDICES: 0, 0, 0, 0
vb0[34]+072 COLOR: 1.0, 0.5019607843137255, 0.5019607843137255, 0.0
vb0[34]+076 TEXCOORD: 0.6424805521965027, 0.4940556287765503

vb0[35]+000 POSITION: -0.03062616102397442, 1.109869122505188, 0.09488426893949509
vb0[35]+012 NORMAL: 0.7952804565429688, 0.46352171897888184, 0.3907386064529419
vb0[35]+024 TANGENT: 0.7952210307121277, 0.4636152386665344, 0.3907485008239746, -1.0
vb0[35]+040 BLENDWEIGHTS: 1.0, 0.0, 0.0, 0.0
vb0[35]+056 BLENDINDICES: 0, 0, 0, 0
vb0[35]+072 COLOR: 1.0, 0.5019607843137255, 0.5019607843137255, 0.0
vb0[35]+076 TEXCOORD: 0.6402434706687927, 0.49583494663238525

vb0[36]+000 POSITION: -0.03249697759747505, 1.1125972270965576, 0.09458955377340317
vb0[36]+012 NORMAL: 0.6494479775428772, 0.6358608603477478, 0.41701123118400574
vb0[36]+024 TANGENT: 0.6502116322517395, 0.6351706981658936, 0.4168728291988373, -1.0
vb0[36]+040 BLENDWEIGHTS: 1.0, 0.0, 0.0, 0.0
vb0[36]+056 BLENDINDICES: 0, 0, 0, 0
vb0[36]+072 COLOR: 1.0, 0.5019607843137255, 0.5019607843137255, 0.0
vb0[36]+076 TEXCOORD: 0.6457148790359497, 0.5024627447128296

vb0[37]+000 POSITION: -0.029378069564700127, 1.106790542602539, 0.09497394412755966
vb0[37]+012 NORMAL: 0.8939719200134277, 0.25778621435165405, 0.3665521442890167
vb0[37]+024 TANGENT: 0.8937219381332397, 0.25852227210998535, 0.3666433095932007, -1.0
vb0[37]+040 BLENDWEIGHTS: 1.0, 0.0, 0.0, 0.0
vb0[37]+056 BLENDINDICES: 0, 0, 0, 0
vb0[37]+072 COLOR: 1.0, 0.5019607843137255, 0.5019607843137255, 0.0
vb0[37]+076 TEXCOORD: 0.6363471746444702, 0.48816943168640137

vb0[38]+000 POSITION: -0.02978595905005932, 1.1066136360168457, 0.09607291966676712
vb0[38]+012 NORMAL: -0.24957086145877838, -0.0767304003238678, 0.9653118252754211
vb0[38]+024 TANGENT: 0.3997890055179596, 0.10867608338594437, 0.9101418256759644, -1.0
vb0[38]+040 BLENDWEIGHTS: 1.0, 0.0, 0.0, 0.0
vb0[38]+056 BLENDINDICES: 0, 0, 0, 0
vb0[38]+072 COLOR: 1.0, 0.5019607843137255, 0.5019607843137255, 0.0
vb0[38]+076 TEXCOORD: 0.6389785408973694, 0.4869968891143799

vb0[39]+000 POSITION: -0.02920529991388321, 1.103420376777649, 0.09596177935600281
vb0[39]+012 NORMAL: -0.2494611144065857, -0.08081207424402237, 0.9650070071220398
vb0[39]+024 TANGENT: 0.41912010312080383, -0.0016270282212644815, 0.9079293608665466, -1.0
vb0[39]+040 BLENDWEIGHTS: 1.0, 0.0, 0.0, 0.0
vb0[39]+056 BLENDINDICES: 0, 0, 0, 0
vb0[39]+072 COLOR: 1.0, 0.5019607843137255, 0.5019607843137255, 0.0
vb0[39]+076 TEXCOORD: 0.6369919776916504, 0.4793574810028076

vb0[40]+000 POSITION: -0.02881016954779625, 1.1035135984420776, 0.09483132511377335
vb0[40]+012 NORMAL: 0.9377803206443787, 0.0867961049079895, 0.33620595932006836
vb0[40]+024 TANGENT: 0.9376949667930603, 0.08726787567138672, 0.33632171154022217, -1.0
vb0[40]+040 BLENDWEIGHTS: 1.0, 0.0, 0.0, 0.0
vb0[40]+056 BLENDINDICES: 0, 0, 0, 0
vb0[40]+072 COLOR: 1.0, 0.5019607843137255, 0.5019607843137255, 0.0
vb0[40]+076 TEXCOORD: 0.6340844631195068, 0.4799201488494873

vb0[41]+000 POSITION: -0.029031578451395035, 1.10017728805542, 0.09574559330940247
vb0[41]+012 NORMAL: -0.25097420811653137, -0.07739555090665817, 0.9648947715759277
vb0[41]+024 TANGENT: 0.42369499802589417, -0.06906819343566895, 0.9031679034233093, -1.0
vb0[41]+040 BLENDWEIGHTS: 1.0, 0.0, 0.0, 0.0
vb0[41]+056 BLENDINDICES: 0, 0, 0, 0
vb0[41]+072 COLOR: 1.0, 0.5019607843137255, 0.5019607843137255, 0.0
vb0[41]+076 TEXCOORD: 0.6360483765602112, 0.4714641571044922

vb0[42]+000 POSITION: -0.028655318543314934, 1.1001908779144287, 0.0945875346660614
vb0[42]+012 NORMAL: 0.9491698145866394, -0.0204888004809618, 0.3140970766544342
vb0[42]+024 TANGENT: 0.9492603540420532, -0.024154065176844597, 0.3135622441768646, -1.0
vb0[42]+040 BLENDWEIGHTS: 1.0, 0.0, 0.0, 0.0
vb0[42]+056 BLENDINDICES: 0, 0, 0, 0
vb0[42]+072 COLOR: 1.0, 0.5019607843137255, 0.5019607843137255, 0.0
vb0[42]+076 TEXCOORD: 0.6330804824829102, 0.471476674079895

vb0[43]+000 POSITION: -0.02915181964635849, 1.0974280834197998, 0.09550192952156067
vb0[43]+012 NORMAL: -0.25038978457450867, -0.0789652168750763, 0.96491938829422
vb0[43]+024 TANGENT: 0.41608479619026184, -0.12666307389736176, 0.900460958480835, -1.0
vb0[43]+040 BLENDWEIGHTS: 1.0, 0.0, 0.0, 0.0
vb0[43]+056 BLENDINDICES: 0, 0, 0, 0
vb0[43]+072 COLOR: 1.0, 0.5019607843137255, 0.5019607843137255, 0.0
vb0[43]+076 TEXCOORD: 0.6359614729881287, 0.46470189094543457

vb0[44]+000 POSITION: -0.028776708990335464, 1.0973886251449585, 0.09432803839445114
vb0[44]+012 NORMAL: 0.9446051120758057, -0.1147068440914154, 0.3075118064880371
vb0[44]+024 TANGENT: 0.9446264505386353, -0.11453652381896973, 0.30750977993011475, -1.0
vb0[44]+040 BLENDWEIGHTS: 1.0, 0.0, 0.0, 0.0
vb0[44]+056 BLENDINDICES: 0, 0, 0, 0
vb0[44]+072 COLOR: 1.0, 0.5019607843137255, 0.5019607843137255, 0.0
vb0[44]+076 TEXCOORD: 0.632986307144165, 0.4642829895019531

vb0[45]+000 POSITION: -0.0294939074665308, 1.0947084426879883, 0.09517598897218704
vb0[45]+012 NORMAL: -0.2495662271976471, -0.08730919659137726, 0.9644136428833008
vb0[45]+024 TANGENT: 0.4029507637023926, -0.18437671661376953, 0.8964573740959167, -1.0
vb0[45]+040 BLENDWEIGHTS: 1.0, 0.0, 0.0, 0.0
vb0[45]+056 BLENDINDICES: 0, 0, 0, 0
vb0[45]+072 COLOR: 1.0, 0.5019607843137255, 0.5019607843137255, 0.0
vb0[45]+076 TEXCOORD: 0.6364768147468567, 0.4579620361328125

vb0[46]+000 POSITION: -0.02911600098013878, 1.0946156978607178, 0.0939861312508583
vb0[46]+012 NORMAL: 0.9288467168807983, -0.20093879103660583, 0.3112350404262543
vb0[46]+024 TANGENT: 0.9288967251777649, -0.20072950422763824, 0.31122103333473206, -1.0
vb0[46]+040 BLENDWEIGHTS: 1.0, 0.0, 0.0, 0.0
vb0[46]+056 BLENDINDICES: 0, 0, 0, 0
vb0[46]+072 COLOR: 1.0, 0.5019607843137255, 0.5019607843137255, 0.0
vb0[46]+076 TEXCOORD: 0.6335391402244568, 0.4571189880371094

vb0[47]+000 POSITION: -0.030055588111281395, 1.0920367240905762, 0.09477516263723373
vb0[47]+012 NORMAL: -0.24599133431911469, -0.0920628011226654, 0.9648900032043457
vb0[47]+024 TANGENT: 0.3864940106868744, -0.24885223805904388, 0.8880849480628967, -1.0
vb0[47]+040 BLENDWEIGHTS: 1.0, 0.0, 0.0, 0.0
vb0[47]+056 BLENDINDICES: 0, 0, 0, 0
vb0[47]+072 COLOR: 1.0, 0.5019607843137255, 0.5019607843137255, 0.0
vb0[47]+076 TEXCOORD: 0.6376021504402161, 0.4513063430786133

vb0[48]+000 POSITION: -0.030944159254431725, 1.089471697807312, 0.0942954495549202
vb0[48]+012 NORMAL: -0.23994174599647522, -0.09016302227973938, 0.9665911793708801
vb0[48]+024 TANGENT: 0.3518048822879791, -0.3220910429954529, 0.8789144158363342, -1.0
vb0[48]+040 BLENDWEIGHTS: 1.0, 0.0, 0.0, 0.0
vb0[48]+056 BLENDINDICES: 0, 0, 0, 0
vb0[48]+072 COLOR: 1.0, 0.5019607843137255, 0.5019607843137255, 0.0
vb0[48]+076 TEXCOORD: 0.6395439505577087, 0.444857120513916

vb0[49]+000 POSITION: -0.029677309095859528, 1.091890573501587, 0.0935666635632515
vb0[49]+012 NORMAL: 0.896075963973999, -0.3083690106868744, 0.31930628418922424
vb0[49]+024 TANGENT: 0.8962207436561584, -0.3079771101474762, 0.3192782700061798, -1.0
vb0[49]+040 BLENDWEIGHTS: 1.0, 0.0, 0.0, 0.0
vb0[49]+056 BLENDINDICES: 0, 0, 0, 0
vb0[49]+072 COLOR: 1.0, 0.5019607843137255, 0.5019607843137255, 0.0
vb0[49]+076 TEXCOORD: 0.6347713470458984, 0.45001983642578125

vb0[50]+000 POSITION: -0.030566789209842682, 1.0892715454101562, 0.09306669980287552
vb0[50]+012 NORMAL: 0.836012065410614, -0.43919363617897034, 0.32892653346061707
vb0[50]+024 TANGENT: 0.8363622426986694, -0.4385581910610199, 0.32888418436050415, -1.0
vb0[50]+040 BLENDWEIGHTS: 1.0, 0.0, 0.0, 0.0
vb0[50]+056 BLENDINDICES: 0, 0, 0, 0
vb0[50]+072 COLOR: 1.0, 0.5019607843137255, 0.5019607843137255, 0.0
vb0[50]+076 TEXCOORD: 0.6368905901908875, 0.4431126117706299

vb0[51]+000 POSITION: -0.03220691904425621, 1.0870813131332397, 0.09376128017902374
vb0[51]+012 NORMAL: -0.2300645112991333, -0.08493205904960632, 0.9694622159004211
vb0[51]+024 TANGENT: 0.30003854632377625, -0.3959464430809021, 0.8678728342056274, -1.0
vb0[51]+040 BLENDWEIGHTS: 1.0, 0.0, 0.0, 0.0
vb0[51]+056 BLENDINDICES: 0, 0, 0, 0
vb0[51]+072 COLOR: 1.0, 0.5019607843137255, 0.5019607843137255, 0.0
vb0[51]+076 TEXCOORD: 0.6424152255058289, 0.43877601623535156

vb0[52]+000 POSITION: -0.0338716097176075, 1.084965705871582, 0.093185193836689
vb0[52]+012 NORMAL: -0.2216954082250595, -0.08159778267145157, 0.9716958999633789
vb0[52]+024 TANGENT: 0.2269919216632843, -0.46390435099601746, 0.8563104271888733, -1.0
vb0[52]+040 BLENDWEIGHTS: 1.0, 0.0, 0.0, 0.0
vb0[52]+056 BLENDINDICES: 0, 0, 0, 0
vb0[52]+072 COLOR: 1.0, 0.5019607843137255, 0.5019607843137255, 0.0
vb0[52]+076 TEXCOORD: 0.6462821960449219, 0.4332900047302246

vb0[53]+000 POSITION: -0.031837280839681625, 1.0868289470672607, 0.09250879287719727
vb0[53]+012 NORMAL: 0.7434900999069214, -0.5779225826263428, 0.3364933133125305
vb0[53]+024 TANGENT: 0.7441156506538391, -0.577133059501648, 0.3364659547805786, -1.0
vb0[53]+040 BLENDWEIGHTS: 1.0, 0.0, 0.0, 0.0
vb0[53]+056 BLENDINDICES: 0, 0, 0, 0
vb0[53]+072 COLOR: 1.0, 0.5019607843137255, 0.5019607843137255, 0.0
vb0[53]+076 TEXCOORD: 0.6400235295295715, 0.4365816116333008

vb0[54]+000 POSITION: -0.033518459647893906, 1.0846636295318604, 0.09190700203180313
vb0[54]+012 NORMAL: 0.6198254227638245, -0.7072075605392456, 0.34010884165763855
vb0[54]+024 TANGENT: 0.6206753849983215, -0.7064655423164368, 0.3401007652282715, -1.0
vb0[54]+040 BLENDWEIGHTS: 1.0, 0.0, 0.0, 0.0
vb0[54]+056 BLENDINDICES: 0, 0, 0, 0
vb0[54]+072 COLOR: 1.0, 0.5019607843137255, 0.5019607843137255, 0.0
vb0[54]+076 TEXCOORD: 0.6442396640777588, 0.43067312240600586

vb0[55]+000 POSITION: -0.03589868173003197, 1.083204746246338, 0.09257429838180542
vb0[55]+012 NORMAL: -0.22195753455162048, -0.08391890674829483, 0.9714383482933044
vb0[55]+024 TANGENT: 0.13565784692764282, -0.5201098322868347, 0.8432571887969971, -1.0
vb0[55]+040 BLENDWEIGHTS: 1.0, 0.0, 0.0, 0.0
vb0[55]+056 BLENDINDICES: 0, 0, 0, 0
vb0[55]+072 COLOR: 1.0, 0.5019607843137255, 0.5019607843137255, 0.0
vb0[55]+076 TEXCOORD: 0.6510773301124573, 0.4286012649536133

vb0[56]+000 POSITION: -0.038210246711969376, 1.0818639993667603, 0.09191130101680756
vb0[56]+012 NORMAL: -0.2373892217874527, -0.09150560945272446, 0.9670951962471008
vb0[56]+024 TANGENT: 0.028221430256962776, -0.5638717412948608, 0.8253800868988037, -1.0
vb0[56]+040 BLENDWEIGHTS: 1.0, 0.0, 0.0, 0.0
vb0[56]+056 BLENDINDICES: 0, 0, 0, 0
vb0[56]+072 COLOR: 1.0, 0.5019607843137255, 0.5019607843137255, 0.0
vb0[56]+076 TEXCOORD: 0.6566458344459534, 0.4248790740966797

vb0[57]+000 POSITION: -0.04071016609668732, 1.080973505973816, 0.0911737009882927
vb0[57]+012 NORMAL: -0.2616528868675232, -0.1013297289609909, 0.9598281383514404
vb0[57]+024 TANGENT: -0.08802829682826996, -0.5977717638015747, 0.7968185544013977, -1.0
vb0[57]+040 BLENDWEIGHTS: 1.0, 0.0, 0.0, 0.0
vb0[57]+056 BLENDINDICES: 0, 0, 0, 0
vb0[57]+072 COLOR: 1.0, 0.5019607843137255, 0.5019607843137255, 0.0
vb0[57]+076 TEXCOORD: 0.6627874970436096, 0.42221736907958984

vb0[58]+000 POSITION: -0.03556804731488228, 1.0828533172607422, 0.09127137064933777
vb0[58]+012 NORMAL: 0.471689909696579, -0.8142713308334351, 0.33833515644073486
vb0[58]+024 TANGENT: 0.472527414560318, -0.8137736916542053, 0.3383641242980957, -1.0
vb0[58]+040 BLENDWEIGHTS: 1.0, 0.0, 0.0, 0.0
vb0[58]+056 BLENDINDICES: 0, 0, 0, 0
vb0[58]+072 COLOR: 1.0, 0.5019607843137255, 0.5019607843137255, 0.0
vb0[58]+076 TEXCOORD: 0.6494780778884888, 0.42561304569244385

vb0[59]+000 POSITION: -0.03791474923491478, 1.0814765691757202, 0.09058357775211334
vb0[59]+012 NORMAL: 0.30748260021209717, -0.8946084976196289, 0.3242376446723938
vb0[59]+024 TANGENT: 0.3081132173538208, -0.8943618535995483, 0.32431933283805847, -1.0
vb0[59]+040 BLENDWEIGHTS: 1.0, 0.0, 0.0, 0.0
vb0[59]+056 BLENDINDICES: 0, 0, 0, 0
vb0[59]+072 COLOR: 1.0, 0.5019607843137255, 0.5019607843137255, 0.0
vb0[59]+076 TEXCOORD: 0.65558260679245, 0.4215991497039795

vb0[60]+000 POSITION: -0.0404638797044754, 1.080583930015564, 0.08981908857822418
vb0[60]+012 NORMAL: 0.12699881196022034, -0.9474351406097412, 0.2936629056930542
vb0[60]+024 TANGENT: 0.12768347561359406, -0.9472997188568115, 0.29380297660827637, -1.0
vb0[60]+040 BLENDWEIGHTS: 1.0, 0.0, 0.0, 0.0
vb0[60]+056 BLENDINDICES: 0, 0, 0, 0
vb0[60]+072 COLOR: 1.0, 0.5019607843137255, 0.5019607843137255, 0.0
vb0[60]+076 TEXCOORD: 0.6623451113700867, 0.4187614917755127

vb0[61]+000 POSITION: -0.04332686960697174, 1.0806167125701904, 0.09037867188453674
vb0[61]+012 NORMAL: -0.2883501648902893, -0.10637252777814865, 0.9515981674194336
vb0[61]+024 TANGENT: -0.21221625804901123, -0.6095516085624695, 0.7638134360313416, -1.0
vb0[61]+040 BLENDWEIGHTS: 1.0, 0.0, 0.0, 0.0
vb0[61]+056 BLENDINDICES: 0, 0, 0, 0
vb0[61]+072 COLOR: 1.0, 0.5019607843137255, 0.5019607843137255, 0.0
vb0[61]+076 TEXCOORD: 0.6693372130393982, 0.42081141471862793

vb0[62]+000 POSITION: -0.04312935844063759, 1.080240249633789, 0.08899310976266861
vb0[62]+012 NORMAL: -0.06319426745176315, -0.9662805199623108, 0.24961675703525543
vb0[62]+024 TANGENT: -0.06243741512298584, -0.9662792086601257, 0.24981215596199036, -1.0
vb0[62]+040 BLENDWEIGHTS: 1.0, 0.0, 0.0, 0.0
vb0[62]+056 BLENDINDICES: 0, 0, 0, 0
vb0[62]+072 COLOR: 1.0, 0.5019607843137255, 0.5019607843137255, 0.0
vb0[62]+076 TEXCOORD: 0.6695563793182373, 0.4172886610031128

vb0[63]+000 POSITION: -0.04595864564180374, 1.0808069705963135, 0.08956118673086166
vb0[63]+012 NORMAL: -0.31603872776031494, -0.10741636902093887, 0.9426459074020386
vb0[63]+024 TANGENT: -0.3362790644168854, -0.5977385640144348, 0.7277534604072571, -1.0
vb0[63]+040 BLENDWEIGHTS: 1.0, 0.0, 0.0, 0.0
vb0[63]+056 BLENDINDICES: 0, 0, 0, 0
vb0[63]+072 COLOR: 1.0, 0.5019607843137255, 0.5019607843137255, 0.0
vb0[63]+076 TEXCOORD: 0.6760441660881042, 0.4207313060760498

vb0[64]+000 POSITION: -0.04847017675638199, 1.0815637111663818, 0.08875861763954163
vb0[64]+012 NORMAL: -0.34388670325279236, -0.10144596546888351, 0.9335152506828308
vb0[64]+024 TANGENT: -0.4525390863418579, -0.5549261569976807, 0.698043942451477, -1.0
vb0[64]+040 BLENDWEIGHTS: 1.0, 0.0, 0.0, 0.0
vb0[64]+056 BLENDINDICES: 0, 0, 0, 0
vb0[64]+072 COLOR: 1.0, 0.5019607843137255, 0.5019607843137255, 0.0
vb0[64]+076 TEXCOORD: 0.6825782656669617, 0.42202258110046387

vb0[65]+000 POSITION: -0.04580414667725563, 1.0804681777954102, 0.08814089745283127
vb0[65]+012 NORMAL: -0.25355154275894165, -0.9461708664894104, 0.2011771947145462
vb0[65]+024 TANGENT: -0.25333234667778015, -0.9462175965309143, 0.2012336105108261, -1.0
vb0[65]+040 BLENDWEIGHTS: 1.0, 0.0, 0.0, 0.0
vb0[65]+056 BLENDINDICES: 0, 0, 0, 0
vb0[65]+072 COLOR: 1.0, 0.5019607843137255, 0.5019607843137255, 0.0
vb0[65]+076 TEXCOORD: 0.6769350171089172, 0.41727542877197266

vb0[66]+000 POSITION: -0.048356760293245316, 1.0812523365020752, 0.08731810003519058
vb0[66]+012 NORMAL: -0.4334253668785095, -0.8859266042709351, 0.16515585780143738
vb0[66]+024 TANGENT: -0.43306848406791687, -0.8860911130905151, 0.16520965099334717, -1.0
vb0[66]+040 BLENDWEIGHTS: 1.0, 0.0, 0.0, 0.0
vb0[66]+056 BLENDINDICES: 0, 0, 0, 0
vb0[66]+072 COLOR: 1.0, 0.5019607843137255, 0.5019607843137255, 0.0
vb0[66]+076 TEXCOORD: 0.6840922832489014, 0.41876816749572754

vb0[67]+000 POSITION: -0.050779297947883606, 1.0828309059143066, 0.08799676597118378
vb0[67]+012 NORMAL: -0.37074461579322815, -0.08897621184587479, 0.9244629144668579
vb0[67]+024 TANGENT: -0.5539109706878662, -0.487872838973999, 0.6746574640274048, -1.0
vb0[67]+040 BLENDWEIGHTS: 1.0, 0.0, 0.0, 0.0
vb0[67]+056 BLENDINDICES: 0, 0, 0, 0
vb0[67]+072 COLOR: 1.0, 0.5019607843137255, 0.5019607843137255, 0.0
vb0[67]+076 TEXCOORD: 0.6887319684028625, 0.4245760440826416

vb0[68]+000 POSITION: -0.05072285234928131, 1.0825175046920776, 0.0865422785282135
vb0[68]+012 NORMAL: -0.5949507355690002, -0.7918509244918823, 0.13786157965660095
vb0[68]+024 TANGENT: -0.5948193669319153, -0.7919452786445618, 0.1378866583108902, -1.0
vb0[68]+040 BLENDWEIGHTS: 1.0, 0.0, 0.0, 0.0
vb0[68]+056 BLENDINDICES: 0, 0, 0, 0
vb0[68]+072 COLOR: 1.0, 0.5019607843137255, 0.5019607843137255, 0.0
vb0[68]+076 TEXCOORD: 0.6907872557640076, 0.4216041564941406

vb0[69]+000 POSITION: -0.0528147891163826, 1.0845246315002441, 0.08729393780231476
vb0[69]+012 NORMAL: -0.39177536964416504, -0.073152095079422, 0.917148232460022
vb0[69]+024 TANGENT: -0.6331524848937988, -0.41627055406570435, 0.6525616645812988, -1.0
vb0[69]+040 BLENDWEIGHTS: 1.0, 0.0, 0.0, 0.0
vb0[69]+056 BLENDINDICES: 0, 0, 0, 0
vb0[69]+072 COLOR: 1.0, 0.5019607843137255, 0.5019607843137255, 0.0
vb0[69]+076 TEXCOORD: 0.6943187713623047, 0.428214430809021

vb0[70]+000 POSITION: -0.054591111838817596, 1.086519718170166, 0.08666715770959854
vb0[70]+012 NORMAL: -0.4003818929195404, -0.06472359597682953, 0.9140597581863403
vb0[70]+024 TANGENT: -0.6851335167884827, -0.36387068033218384, 0.6310232281684875, -1.0
vb0[70]+040 BLENDWEIGHTS: 1.0, 0.0, 0.0, 0.0
vb0[70]+056 BLENDINDICES: 0, 0, 0, 0
vb0[70]+072 COLOR: 1.0, 0.5019607843137255, 0.5019607843137255, 0.0
vb0[70]+076 TEXCOORD: 0.6993187665939331, 0.4326655864715576

vb0[71]+000 POSITION: -0.0561375692486763, 1.0887261629104614, 0.08614582568407059
vb0[71]+012 NORMAL: -0.4020983874797821, -0.0625421404838562, 0.913457989692688
vb0[71]+024 TANGENT: -0.7232558131217957, -0.3194040060043335, 0.6122762560844421, -1.0
vb0[71]+040 BLENDWEIGHTS: 1.0, 0.0, 0.0, 0.0
vb0[71]+056 BLENDINDICES: 0, 0, 0, 0
vb0[71]+072 COLOR: 1.0, 0.5019607843137255, 0.5019607843137255, 0.0
vb0[71]+076 TEXCOORD: 0.7037273645401001, 0.43772339820861816

vb0[72]+000 POSITION: -0.05277831107378006, 1.0842649936676025, 0.08583258092403412
vb0[72]+012 NORMAL: -0.7182507514953613, -0.6886915564537048, 0.09909424185752869
vb0[72]+024 TANGENT: -0.7183135747909546, -0.6886304616928101, 0.09906435757875443, -1.0
vb0[72]+040 BLENDWEIGHTS: 1.0, 0.0, 0.0, 0.0
vb0[72]+056 BLENDINDICES: 0, 0, 0, 0
vb0[72]+072 COLOR: 1.0, 0.5019607843137255, 0.5019607843137255, 0.0
vb0[72]+076 TEXCOORD: 0.6967902779579163, 0.4255862236022949

vb0[73]+000 POSITION: -0.05454901233315468, 1.0863361358642578, 0.08520624786615372
vb0[73]+012 NORMAL: -0.7977833151817322, -0.6006228923797607, 0.052856314927339554
vb0[73]+024 TANGENT: -0.7979104518890381, -0.6004621386528015, 0.0527648888528347, -1.0
vb0[73]+040 BLENDWEIGHTS: 1.0, 0.0, 0.0, 0.0
vb0[73]+056 BLENDINDICES: 0, 0, 0, 0
vb0[73]+072 COLOR: 1.0, 0.5019607843137255, 0.5019607843137255, 0.0
vb0[73]+076 TEXCOORD: 0.7020983099937439, 0.4303954839706421

vb0[74]+000 POSITION: -0.056088417768478394, 1.088613748550415, 0.08469340205192566
vb0[74]+012 NORMAL: -0.8571987748146057, -0.5148026943206787, 0.013729499652981758
vb0[74]+024 TANGENT: -0.857324481010437, -0.5145952105522156, 0.013653756119310856, -1.0
vb0[74]+040 BLENDWEIGHTS: 1.0, 0.0, 0.0, 0.0
vb0[74]+056 BLENDINDICES: 0, 0, 0, 0
vb0[74]+072 COLOR: 1.0, 0.5019607843137255, 0.5019607843137255, 0.0
vb0[74]+076 TEXCOORD: 0.7067297101020813, 0.43582582473754883

vb0[75]+000 POSITION: -0.05742526799440384, 1.0911158323287964, 0.08573983609676361
vb0[75]+012 NORMAL: -0.4038349390029907, -0.05924509838223457, 0.9129114151000977
vb0[75]+024 TANGENT: -0.7577126622200012, -0.26456406712532043, 0.596554696559906, -1.0
vb0[75]+040 BLENDWEIGHTS: 1.0, 0.0, 0.0, 0.0
vb0[75]+056 BLENDINDICES: 0, 0, 0, 0
vb0[75]+072 COLOR: 1.0, 0.5019607843137255, 0.5019607843137255, 0.0
vb0[75]+076 TEXCOORD: 0.7074726223945618, 0.4432945251464844

vb0[76]+000 POSITION: -0.057379111647605896, 1.0910630226135254, 0.08429744839668274
vb0[76]+012 NORMAL: -0.9108657240867615, -0.4124150574207306, -0.015409640967845917
vb0[76]+024 TANGENT: -0.9109810590744019, -0.4121581017971039, -0.01546704862266779, -1.0
vb0[76]+040 BLENDWEIGHTS: 1.0, 0.0, 0.0, 0.0
vb0[76]+056 BLENDINDICES: 0, 0, 0, 0
vb0[76]+072 COLOR: 1.0, 0.5019607843137255, 0.5019607843137255, 0.0
vb0[76]+076 TEXCOORD: 0.7106493711471558, 0.44178760051727295

vb0[77]+000 POSITION: 0.05927431955933571, 1.1020684242248535, 0.08544432371854782
vb0[77]+012 NORMAL: 0.4042929410934448, -0.05748622864484787, 0.9128212332725525
vb0[77]+024 TANGENT: 0.8120501637458801, -0.021773576736450195, 0.5831812620162964, -1.0
vb0[77]+040 BLENDWEIGHTS: 1.0, 0.0, 0.0, 0.0
vb0[77]+056 BLENDINDICES: 1, 0, 0, 0
vb0[77]+072 COLOR: 1.0, 0.5019607843137255, 0.5019607843137255, 0.0
vb0[77]+076 TEXCOORD: 0.6360483765602112, 0.4714641571044922

vb0[78]+000 POSITION: 0.043399229645729065, 1.0980607271194458, 0.08916153758764267
vb0[78]+012 NORMAL: 0.31863412261009216, -0.06576165556907654, 0.9455938339233398
vb0[78]+024 TANGENT: 0.3172813653945923, -0.05585003271698952, 0.9466854333877563, -1.0
vb0[78]+040 BLENDWEIGHTS: 1.0, 0.0, 0.0, 0.0
vb0[78]+056 BLENDINDICES: 1, 0, 0, 0
vb0[78]+072 COLOR: 1.0, 0.5019607843137255, 0.5019607843137255, 0.0
vb0[78]+076 TEXCOORD: 0.6747547388076782, 0.46285200119018555

vb0[79]+000 POSITION: 0.05921060964465141, 1.0991864204406738, 0.08531094342470169
vb0[79]+012 NORMAL: 0.403089702129364, -0.05264722555875778, 0.9136449098587036
vb0[79]+024 TANGENT: 0.8122263550758362, -0.07796747237443924, 0.578108549118042, -1.0
vb0[79]+040 BLENDWEIGHTS: 1.0, 0.0, 0.0, 0.0
vb0[79]+056 BLENDINDICES: 1, 0, 0, 0
vb0[79]+072 COLOR: 1.0, 0.5019607843137255, 0.5019607843137255, 0.0
vb0[79]+076 TEXCOORD: 0.6359614729881287, 0.46470189094543457

vb0[80]+000 POSITION: 0.05914260819554329, 1.0992987155914307, 0.0839070975780487
vb0[80]+012 NORMAL: 0.995876669883728, -0.0749538466334343, -0.051103461533784866
vb0[80]+024 TANGENT: 0.9958752989768982, -0.07497072219848633, -0.05110478401184082, -1.0
vb0[80]+040 BLENDWEIGHTS: 1.0, 0.0, 0.0, 0.0
vb0[80]+056 BLENDINDICES: 1, 0, 0, 0
vb0[80]+072 COLOR: 1.0, 0.5019607843137255, 0.5019607843137255, 0.0
vb0[80]+076 TEXCOORD: 0.632986307144165, 0.4642829895019531

vb0[81]+000 POSITION: 0.05921648070216179, 1.1022276878356934, 0.08403921872377396
vb0[81]+012 NORMAL: 0.9988983869552612, 0.032359085977077484, -0.033982452005147934
vb0[81]+024 TANGENT: 0.9989027976989746, 0.0321805514395237, -0.03402525559067726, -1.0
vb0[81]+040 BLENDWEIGHTS: 1.0, 0.0, 0.0, 0.0
vb0[81]+056 BLENDINDICES: 1, 0, 0, 0
vb0[81]+072 COLOR: 1.0, 0.5019607843137255, 0.5019607843137255, 0.0
vb0[81]+076 TEXCOORD: 0.6330804824829102, 0.471476674079895

vb0[82]+000 POSITION: 0.05875907838344574, 1.096390962600708, 0.08390792459249496
vb0[82]+012 NORMAL: 0.981562614440918, -0.1839408278465271, -0.05196736752986908
vb0[82]+024 TANGENT: 0.9813522696495056, -0.18508194386959076, -0.05188709497451782, -1.0
vb0[82]+040 BLENDWEIGHTS: 1.0, 0.0, 0.0, 0.0
vb0[82]+056 BLENDINDICES: 1, 0, 0, 0
vb0[82]+072 COLOR: 1.0, 0.5019607843137255, 0.5019607843137255, 0.0
vb0[82]+076 TEXCOORD: 0.6335391402244568, 0.4571189880371094

vb0[83]+000 POSITION: 0.05882541090250015, 1.096326231956482, 0.08531949669122696
vb0[83]+012 NORMAL: 0.40332064032554626, -0.05224587023258209, 0.913565993309021
vb0[83]+024 TANGENT: 0.8035920262336731, -0.13810168206691742, 0.5789366960525513, -1.0
vb0[83]+040 BLENDWEIGHTS: 1.0, 0.0, 0.0, 0.0
vb0[83]+056 BLENDINDICES: 1, 0, 0, 0
vb0[83]+072 COLOR: 1.0, 0.5019607843137255, 0.5019607843137255, 0.0
vb0[83]+076 TEXCOORD: 0.6364768147468567, 0.4579620361328125

vb0[84]+000 POSITION: 0.05810002610087395, 1.093672513961792, 0.08403655141592026
vb0[84]+012 NORMAL: 0.9537972807884216, -0.2980293333530426, -0.03807061165571213
vb0[84]+024 TANGENT: 0.953876793384552, -0.2977687418460846, -0.038116395473480225, -1.0
vb0[84]+040 BLENDWEIGHTS: 1.0, 0.0, 0.0, 0.0
vb0[84]+056 BLENDINDICES: 1, 0, 0, 0
vb0[84]+072 COLOR: 1.0, 0.5019607843137255, 0.5019607843137255, 0.0
vb0[84]+076 TEXCOORD: 0.6347713470458984, 0.45001983642578125

vb0[85]+000 POSITION: 0.058155614882707596, 1.0936646461486816, 0.08546369522809982
vb0[85]+012 NORMAL: 0.4043768346309662, -0.05449743568897247, 0.9129673838615417
vb0[85]+024 TANGENT: 0.7854851484298706, -0.20047971606254578, 0.585509181022644, -1.0
vb0[85]+040 BLENDWEIGHTS: 1.0, 0.0, 0.0, 0.0
vb0[85]+056 BLENDINDICES: 1, 0, 0, 0
vb0[85]+072 COLOR: 1.0, 0.5019607843137255, 0.5019607843137255, 0.0
vb0[85]+076 TEXCOORD: 0.6376021504402161, 0.4513063430786133

vb0[86]+000 POSITION: 0.05717158690094948, 1.0911158323287964, 0.08573983609676361
vb0[86]+012 NORMAL: 0.4038481116294861, -0.059246812015771866, 0.9129055738449097
vb0[86]+024 TANGENT: 0.7577111721038818, -0.26456013321876526, 0.5965582132339478, -1.0
vb0[86]+040 BLENDWEIGHTS: 1.0, 0.0, 0.0, 0.0
vb0[86]+056 BLENDINDICES: 1, 0, 0, 0
vb0[86]+072 COLOR: 1.0, 0.5019607843137255, 0.5019607843137255, 0.0
vb0[86]+076 TEXCOORD: 0.6395439505577087, 0.444857120513916

vb0[87]+000 POSITION: 0.055883876979351044, 1.0887261629104614, 0.08614582568407059
vb0[87]+012 NORMAL: 0.4021040201187134, -0.06254377961158752, 0.9134553074836731
vb0[87]+024 TANGENT: 0.7232561111450195, -0.31940460205078125, 0.6122755408287048, -1.0
vb0[87]+040 BLENDWEIGHTS: 1.0, 0.0, 0.0, 0.0
vb0[87]+056 BLENDINDICES: 1, 0, 0, 0
vb0[87]+072 COLOR: 1.0, 0.5019607843137255, 0.5019607843137255, 0.0
vb0[87]+076 TEXCOORD: 0.6424152255058289, 0.43877601623535156

vb0[88]+000 POSITION: 0.055834729224443436, 1.088613748550415, 0.08469340205192566
vb0[88]+012 NORMAL: 0.8571978211402893, -0.5148042440414429, 0.013730506412684917
vb0[88]+024 TANGENT: 0.8573235869407654, -0.514596700668335, 0.013654707930982113, -1.0
vb0[88]+040 BLENDWEIGHTS: 1.0, 0.0, 0.0, 0.0
vb0[88]+056 BLENDINDICES: 1, 0, 0, 0
vb0[88]+072 COLOR: 1.0, 0.5019607843137255, 0.5019607843137255, 0.0
vb0[88]+076 TEXCOORD: 0.6400235295295715, 0.4365816116333008

vb0[89]+000 POSITION: 0.057125430554151535, 1.0910630226135254, 0.08429744839668274
vb0[89]+012 NORMAL: 0.9108665585517883, -0.41241422295570374, -0.015387733466923237
vb0[89]+024 TANGENT: 0.9109818935394287, -0.4121571481227875, -0.01544505450874567, -1.0
vb0[89]+040 BLENDWEIGHTS: 1.0, 0.0, 0.0, 0.0
vb0[89]+056 BLENDINDICES: 1, 0, 0, 0
vb0[89]+072 COLOR: 1.0, 0.5019607843137255, 0.5019607843137255, 0.0
vb0[89]+076 TEXCOORD: 0.6368905901908875, 0.4431126117706299

vb0[90]+000 POSITION: 0.059029050171375275, 1.1049271821975708, 0.0857371911406517
vb0[90]+012 NORMAL: 0.40764185786247253, -0.06548316031694412, 0.9107908606529236
vb0[90]+024 TANGENT: 0.804429829120636, 0.03198230266571045, 0.5931861400604248, -1.0
vb0[90]+040 BLENDWEIGHTS: 1.0, 0.0, 0.0, 0.0
vb0[90]+056 BLENDINDICES: 1, 0, 0, 0
vb0[90]+072 COLOR: 1.0, 0.5019607843137255, 0.5019607843137255, 0.0
vb0[90]+076 TEXCOORD: 0.6369919776916504, 0.4793574810028076

vb0[91]+000 POSITION: 0.05845804885029793, 1.1077165603637695, 0.08619588613510132
vb0[91]+012 NORMAL: 0.4173511266708374, -0.07166885584592819, 0.9059147834777832
vb0[91]+024 TANGENT: 0.7920504808425903, 0.10964836180210114, 0.6005276441574097, -1.0
vb0[91]+040 BLENDWEIGHTS: 1.0, 0.0, 0.0, 0.0
vb0[91]+056 BLENDINDICES: 1, 0, 0, 0
vb0[91]+072 COLOR: 1.0, 0.5019607843137255, 0.5019607843137255, 0.0
vb0[91]+076 TEXCOORD: 0.6389785408973694, 0.4869968891143799

vb0[92]+000 POSITION: 0.057378966361284256, 1.110269546508789, 0.08689577132463455
vb0[92]+012 NORMAL: 0.41347238421440125, -0.07172346115112305, 0.9076873660087585
vb0[92]+024 TANGENT: 0.7502291202545166, 0.19307638704776764, 0.632358968257904, -1.0
vb0[92]+040 BLENDWEIGHTS: 1.0, 0.0, 0.0, 0.0
vb0[92]+056 BLENDINDICES: 1, 0, 0, 0
vb0[92]+072 COLOR: 1.0, 0.5019607843137255, 0.5019607843137255, 0.0
vb0[92]+076 TEXCOORD: 0.6424805521965027, 0.4940556287765503

vb0[93]+000 POSITION: 0.05899449810385704, 1.1051362752914429, 0.08432377874851227
vb0[93]+012 NORMAL: 0.9902674555778503, 0.13915015757083893, -0.002758932998403907
vb0[93]+024 TANGENT: 0.9903094172477722, 0.13884925842285156, -0.002861380809918046, -1.0
vb0[93]+040 BLENDWEIGHTS: 1.0, 0.0, 0.0, 0.0
vb0[93]+056 BLENDINDICES: 1, 0, 0, 0
vb0[93]+072 COLOR: 1.0, 0.5019607843137255, 0.5019607843137255, 0.0
vb0[93]+076 TEXCOORD: 0.6340844631195068, 0.4799201488494873

vb0[94]+000 POSITION: 0.05844474583864212, 1.107979655265808, 0.08477476239204407
vb0[94]+012 NORMAL: 0.959210216999054, 0.2793952524662018, 0.04305969551205635
vb0[94]+024 TANGENT: 0.9591947793960571, 0.2794458866119385, 0.04307592287659645, -1.0
vb0[94]+040 BLENDWEIGHTS: 1.0, 0.0, 0.0, 0.0
vb0[94]+056 BLENDINDICES: 1, 0, 0, 0
vb0[94]+072 COLOR: 1.0, 0.5019607843137255, 0.5019607843137255, 0.0
vb0[94]+076 TEXCOORD: 0.6363471746444702, 0.48816943168640137

vb0[95]+000 POSITION: 0.057380616664886475, 1.110587477684021, 0.08547326177358627
vb0[95]+012 NORMAL: 0.8967946171760559, 0.4320526719093323, 0.09534060209989548
vb0[95]+024 TANGENT: 0.8969129323959351, 0.43182575702667236, 0.09525609016418457, -1.0
vb0[95]+040 BLENDWEIGHTS: 1.0, 0.0, 0.0, 0.0
vb0[95]+056 BLENDINDICES: 1, 0, 0, 0
vb0[95]+072 COLOR: 1.0, 0.5019607843137255, 0.5019607843137255, 0.0
vb0[95]+076 TEXCOORD: 0.6402434706687927, 0.49583494663238525

vb0[96]+000 POSITION: 0.055889490991830826, 1.1129499673843384, 0.08633451908826828
vb0[96]+012 NORMAL: 0.8109588623046875, 0.5667508840560913, 0.14539341628551483
vb0[96]+024 TANGENT: 0.8107004761695862, 0.5670881867408752, 0.14551852643489838, -1.0
vb0[96]+040 BLENDWEIGHTS: 1.0, 0.0, 0.0, 0.0
vb0[96]+056 BLENDINDICES: 1, 0, 0, 0
vb0[96]+072 COLOR: 1.0, 0.5019607843137255, 0.5019607843137255, 0.0
vb0[96]+076 TEXCOORD: 0.6457148790359497, 0.5024627447128296

vb0[97]+000 POSITION: 0.05589163675904274, 1.1125823259353638, 0.0877406895160675
vb0[97]+012 NORMAL: 0.4013732373714447, -0.05991501361131668, 0.9139528274536133
vb0[97]+024 TANGENT: 0.6953319907188416, 0.27791905403137207, 0.6627777814865112, -1.0
vb0[97]+040 BLENDWEIGHTS: 1.0, 0.0, 0.0, 0.0
vb0[97]+056 BLENDINDICES: 1, 0, 0, 0
vb0[97]+072 COLOR: 1.0, 0.5019607843137255, 0.5019607843137255, 0.0
vb0[97]+076 TEXCOORD: 0.6474669575691223, 0.5001509189605713

vb0[98]+000 POSITION: 0.05398198962211609, 1.114952802658081, 0.08728338032960892
vb0[98]+012 NORMAL: 0.7001013159751892, 0.6868719458580017, 0.19510245323181152
vb0[98]+024 TANGENT: 0.6996356248855591, 0.6872897148132324, 0.19530202448368073, -1.0
vb0[98]+040 BLENDWEIGHTS: 1.0, 0.0, 0.0, 0.0
vb0[98]+056 BLENDINDICES: 1, 0, 0, 0
vb0[98]+072 COLOR: 1.0, 0.5019607843137255, 0.5019607843137255, 0.0
vb0[98]+076 TEXCOORD: 0.6524418592453003, 0.507786750793457

vb0[99]+000 POSITION: 0.053999919444322586, 1.1145458221435547, 0.08866112679243088
vb0[99]+012 NORMAL: 0.3856738209724426, -0.049391940236091614, 0.921312153339386
vb0[99]+024 TANGENT: 0.6255491375923157, 0.35301923751831055, 0.6957483291625977, -1.0
vb0[99]+040 BLENDWEIGHTS: 1.0, 0.0, 0.0, 0.0
vb0[99]+056 BLENDINDICES: 1, 0, 0, 0
vb0[99]+072 COLOR: 1.0, 0.5019607843137255, 0.5019607843137255, 0.0
vb0[99]+076 TEXCOORD: 0.6536456346511841, 0.5050476789474487

vb0[100]+000 POSITION: 0.051796212792396545, 1.1161143779754639, 0.08964386582374573
vb0[100]+012 NORMAL: 0.37388408184051514, -0.043817032128572464, 0.9264398217201233
vb0[100]+024 TANGENT: 0.5457857251167297, 0.41509851813316345, 0.7278812527656555, -1.0
vb0[100]+040 BLENDWEIGHTS: 1.0, 0.0, 0.0, 0.0
vb0[100]+056 BLENDINDICES: 1, 0, 0, 0
vb0[100]+072 COLOR: 1.0, 0.5019607843137255, 0.5019607843137255, 0.0
vb0[100]+076 TEXCOORD: 0.6607025861740112, 0.5085842609405518

vb0[101]+000 POSITION: 0.051763467490673065, 1.1165646314620972, 0.08829951286315918
vb0[101]+012 NORMAL: 0.5707621574401855, 0.7828821539878845, 0.2476409375667572
vb0[101]+024 TANGENT: 0.5700442790985107, 0.7833163738250732, 0.24792122840881348, -1.0
vb0[101]+040 BLENDWEIGHTS: 1.0, 0.0, 0.0, 0.0
vb0[101]+056 BLENDINDICES: 1, 0, 0, 0
vb0[101]+072 COLOR: 1.0, 0.5019607843137255, 0.5019607843137255, 0.0
vb0[101]+076 TEXCOORD: 0.6601064205169678, 0.5116226673126221

vb0[102]+000 POSITION: 0.0492766797542572, 1.1176838874816895, 0.08936665207147598
vb0[102]+012 NORMAL: 0.4191337823867798, 0.8566073179244995, 0.3009164035320282
vb0[102]+024 TANGENT: 0.4182054400444031, 0.8569570779800415, 0.3012121021747589, -1.0
vb0[102]+040 BLENDWEIGHTS: 1.0, 0.0, 0.0, 0.0
vb0[102]+056 BLENDINDICES: 1, 0, 0, 0
vb0[102]+072 COLOR: 1.0, 0.5019607843137255, 0.5019607843137255, 0.0
vb0[102]+076 TEXCOORD: 0.6683303713798523, 0.5139293670654297

vb0[103]+000 POSITION: 0.0493292510509491, 1.1171938180923462, 0.09067152440547943
vb0[103]+012 NORMAL: 0.3600854277610779, -0.04222436621785164, 0.9319632649421692
vb0[103]+024 TANGENT: 0.45209625363349915, 0.4592745006084442, 0.7646409869194031, -1.0
vb0[103]+040 BLENDWEIGHTS: 1.0, 0.0, 0.0, 0.0
vb0[103]+056 BLENDINDICES: 1, 0, 0, 0
vb0[103]+072 COLOR: 1.0, 0.5019607843137255, 0.5019607843137255, 0.0
vb0[103]+076 TEXCOORD: 0.6682636141777039, 0.5107498168945312

vb0[104]+000 POSITION: 0.046616289764642715, 1.118285059928894, 0.09042377024888992
vb0[104]+012 NORMAL: 0.23377011716365814, 0.9079446792602539, 0.34783342480659485
vb0[104]+024 TANGENT: 0.23901116847991943, 0.9069656729698181, 0.34682419896125793, -1.0
vb0[104]+040 BLENDWEIGHTS: 1.0, 0.0, 0.0, 0.0
vb0[104]+056 BLENDINDICES: 1, 0, 0, 0
vb0[104]+072 COLOR: 1.0, 0.5019607843137255, 0.5019607843137255, 0.0
vb0[104]+076 TEXCOORD: 0.6768174767494202, 0.5145754814147949

vb0[105]+000 POSITION: 0.04669998958706856, 1.117772102355957, 0.09169188886880875
vb0[105]+012 NORMAL: 0.3428688943386078, -0.03750709816813469, 0.9386342167854309
vb0[105]+024 TANGENT: 0.33714619278907776, 0.4990243911743164, 0.7983152270317078, -1.0
vb0[105]+040 BLENDWEIGHTS: 1.0, 0.0, 0.0, 0.0
vb0[105]+056 BLENDINDICES: 1, 0, 0, 0
vb0[105]+072 COLOR: 1.0, 0.5019607843137255, 0.5019607843137255, 0.0
vb0[105]+076 TEXCOORD: 0.6760931611061096, 0.5113904476165771

vb0[106]+000 POSITION: 0.043633926659822464, 1.1177220344543457, 0.09278491139411926
vb0[106]+012 NORMAL: 0.3238729238510132, -0.044607650488615036, 0.945048451423645
vb0[106]+024 TANGENT: 0.23316794633865356, 0.4986637830734253, 0.8348456025123596, -1.0
vb0[106]+040 BLENDWEIGHTS: 1.0, 0.0, 0.0, 0.0
vb0[106]+056 BLENDINDICES: 1, 0, 0, 0
vb0[106]+072 COLOR: 1.0, 0.5019607843137255, 0.5019607843137255, 0.0
vb0[106]+076 TEXCOORD: 0.6839945912361145, 0.5108180046081543

vb0[107]+000 POSITION: 0.040598027408123016, 1.1172198057174683, 0.09376231580972672
vb0[107]+012 NORMAL: 0.2970271408557892, -0.04721033200621605, 0.9537011981010437
vb0[107]+024 TANGENT: 0.11608655750751495, 0.49388808012008667, 0.8617416024208069, -1.0
vb0[107]+040 BLENDWEIGHTS: 1.0, 0.0, 0.0, 0.0
vb0[107]+056 BLENDINDICES: 1, 0, 0, 0
vb0[107]+072 COLOR: 1.0, 0.5019607843137255, 0.5019607843137255, 0.0
vb0[107]+076 TEXCOORD: 0.6907157897949219, 0.5088467597961426

vb0[108]+000 POSITION: 0.043479569256305695, 1.1182327270507812, 0.09155819565057755
vb0[108]+012 NORMAL: 0.059628698974847794, 0.9226839542388916, 0.38091835379600525
vb0[108]+024 TANGENT: 0.058804161846637726, 0.9226606488227844, 0.3811030685901642, -1.0
vb0[108]+040 BLENDWEIGHTS: 1.0, 0.0, 0.0, 0.0
vb0[108]+056 BLENDINDICES: 1, 0, 0, 0
vb0[108]+072 COLOR: 1.0, 0.5019607843137255, 0.5019607843137255, 0.0
vb0[108]+076 TEXCOORD: 0.6853641271591187, 0.5138635635375977

vb0[109]+000 POSITION: 0.04037356749176979, 1.1177418231964111, 0.09258485585451126
vb0[109]+012 NORMAL: -0.10451623797416687, 0.9039135575294495, 0.4147489666938782
vb0[109]+024 TANGENT: -0.10549844056367874, 0.9037156105041504, 0.41493168473243713, -1.0
vb0[109]+040 BLENDWEIGHTS: 1.0, 0.0, 0.0, 0.0
vb0[109]+056 BLENDINDICES: 1, 0, 0, 0
vb0[109]+072 COLOR: 1.0, 0.5019607843137255, 0.5019607843137255, 0.0
vb0[109]+076 TEXCOORD: 0.6926042437553406, 0.5116744041442871

vb0[110]+000 POSITION: 0.03738492727279663, 1.1165881156921387, 0.09343409538269043
vb0[110]+012 NORMAL: -0.2932403087615967, 0.849094569683075, 0.43937280774116516
vb0[110]+024 TANGENT: -0.29424211382865906, 0.8487135767936707, 0.4394391179084778, -1.0
vb0[110]+040 BLENDWEIGHTS: 1.0, 0.0, 0.0, 0.0
vb0[110]+056 BLENDINDICES: 1, 0, 0, 0
vb0[110]+072 COLOR: 1.0, 0.5019607843137255, 0.5019607843137255, 0.0
vb0[110]+076 TEXCOORD: 0.6993122696876526, 0.508194088935852

vb0[111]+000 POSITION: 0.037674520164728165, 1.1160939931869507, 0.09456758946180344
vb0[111]+012 NORMAL: 0.2731739282608032, -0.057503294199705124, 0.9602444171905518
vb0[111]+024 TANGENT: -0.006215453613549471, 0.45880210399627686, 0.8885167241096497, -1.0
vb0[111]+040 BLENDWEIGHTS: 1.0, 0.0, 0.0, 0.0
vb0[111]+056 BLENDINDICES: 1, 0, 0, 0
vb0[111]+072 COLOR: 1.0, 0.5019607843137255, 0.5019607843137255, 0.0
vb0[111]+076 TEXCOORD: 0.6974916458129883, 0.5058927536010742

vb0[112]+000 POSITION: 0.03495579957962036, 1.114441156387329, 0.0952100157737732
vb0[112]+012 NORMAL: 0.2574603855609894, -0.06616111099720001, 0.9640212059020996
vb0[112]+024 TANGENT: -0.12817464768886566, 0.41196998953819275, 0.9021374583244324, -1.0
vb0[112]+040 BLENDWEIGHTS: 1.0, 0.0, 0.0, 0.0
vb0[112]+056 BLENDINDICES: 1, 0, 0, 0
vb0[112]+072 COLOR: 1.0, 0.5019607843137255, 0.5019607843137255, 0.0
vb0[112]+076 TEXCOORD: 0.7024759650230408, 0.5013291835784912

vb0[113]+000 POSITION: 0.034618161618709564, 1.1148713827133179, 0.09410977363586426
vb0[113]+012 NORMAL: -0.47339820861816406, 0.7635573744773865, 0.4391744136810303
vb0[113]+024 TANGENT: -0.4747586250305176, 0.7627723217010498, 0.4390701353549957, -1.0
vb0[113]+040 BLENDWEIGHTS: 1.0, 0.0, 0.0, 0.0
vb0[113]+056 BLENDINDICES: 1, 0, 0, 0
vb0[113]+072 COLOR: 1.0, 0.5019607843137255, 0.5019607843137255, 0.0
vb0[113]+076 TEXCOORD: 0.7052181959152222, 0.5035065412521362

vb0[114]+000 POSITION: 0.032243289053440094, 1.1125972270965576, 0.09458955377340317
vb0[114]+012 NORMAL: -0.6494452357292175, 0.6358585953712463, 0.41701894998550415
vb0[114]+024 TANGENT: -0.6502092480659485, 0.6351681351661682, 0.416880339384079, -1.0
vb0[114]+040 BLENDWEIGHTS: 1.0, 0.0, 0.0, 0.0
vb0[114]+056 BLENDINDICES: 1, 0, 0, 0
vb0[114]+072 COLOR: 1.0, 0.5019607843137255, 0.5019607843137255, 0.0
vb0[114]+076 TEXCOORD: 0.7101971507072449, 0.4978466033935547

vb0[115]+000 POSITION: 0.03260214999318123, 1.1122593879699707, 0.09567467123270035
vb0[115]+012 NORMAL: 0.2514926493167877, -0.07168720662593842, 0.9652007818222046
vb0[115]+024 TANGENT: -0.24398232996463776, 0.3404184877872467, 0.9080682396888733, -1.0
vb0[115]+040 BLENDWEIGHTS: 1.0, 0.0, 0.0, 0.0
vb0[115]+056 BLENDINDICES: 1, 0, 0, 0
vb0[115]+072 COLOR: 1.0, 0.5019607843137255, 0.5019607843137255, 0.0
vb0[115]+076 TEXCOORD: 0.7071310877799988, 0.496090292930603

vb0[116]+000 POSITION: 0.030372468754649162, 1.109869122505188, 0.09488426893949509
vb0[116]+012 NORMAL: -0.7952768206596375, 0.46352317929267883, 0.39074406027793884
vb0[116]+024 TANGENT: -0.7952176928520203, 0.46361637115478516, 0.39075398445129395, -1.0
vb0[116]+040 BLENDWEIGHTS: 1.0, 0.0, 0.0, 0.0
vb0[116]+056 BLENDINDICES: 1, 0, 0, 0
vb0[116]+072 COLOR: 1.0, 0.5019607843137255, 0.5019607843137255, 0.0
vb0[116]+076 TEXCOORD: 0.7140512466430664, 0.49140000343322754

vb0[117]+000 POSITION: 0.03074960969388485, 1.1096181869506836, 0.09596998989582062
vb0[117]+012 NORMAL: 0.2509123384952545, -0.07255953550338745, 0.9652864933013916
vb0[117]+024 TANGENT: -0.33943530917167664, 0.23898613452911377, 0.9097632765769958, -1.0
vb0[117]+040 BLENDWEIGHTS: 1.0, 0.0, 0.0, 0.0
vb0[117]+056 BLENDINDICES: 1, 0, 0, 0
vb0[117]+072 COLOR: 1.0, 0.5019607843137255, 0.5019607843137255, 0.0
vb0[117]+076 TEXCOORD: 0.7107543349266052, 0.490095853805542

vb0[118]+000 POSITION: 0.02953227050602436, 1.1066136360168457, 0.09607291966676712
vb0[118]+012 NORMAL: 0.24957528710365295, -0.07673132419586182, 0.9653105735778809
vb0[118]+024 TANGENT: -0.39978498220443726, 0.10867643356323242, 0.9101436138153076, -1.0
vb0[118]+040 BLENDWEIGHTS: 1.0, 0.0, 0.0, 0.0
vb0[118]+056 BLENDINDICES: 1, 0, 0, 0
vb0[118]+072 COLOR: 1.0, 0.5019607843137255, 0.5019607843137255, 0.0
vb0[118]+076 TEXCOORD: 0.7132849097251892, 0.4836040735244751

vb0[119]+000 POSITION: 0.02912437915802002, 1.106790542602539, 0.09497394412755966
vb0[119]+012 NORMAL: -0.8939690589904785, 0.2577870488166809, 0.3665585219860077
vb0[119]+024 TANGENT: -0.8937190771102905, 0.25852301716804504, 0.36664965748786926, -1.0
vb0[119]+040 BLENDWEIGHTS: 1.0, 0.0, 0.0, 0.0
vb0[119]+056 BLENDINDICES: 1, 0, 0, 0
vb0[119]+072 COLOR: 1.0, 0.5019607843137255, 0.5019607843137255, 0.0
vb0[119]+076 TEXCOORD: 0.716657817363739, 0.48445403575897217

vb0[120]+000 POSITION: 0.028556479141116142, 1.1035135984420776, 0.09483132511377335
vb0[120]+012 NORMAL: -0.9377821683883667, 0.08679569512605667, 0.336201012134552
vb0[120]+024 TANGENT: -0.9376968741416931, 0.08726727217435837, 0.3363167941570282, -1.0
vb0[120]+040 BLENDWEIGHTS: 1.0, 0.0, 0.0, 0.0
vb0[120]+056 BLENDINDICES: 1, 0, 0, 0
vb0[120]+072 COLOR: 1.0, 0.5019607843137255, 0.5019607843137255, 0.0
vb0[120]+076 TEXCOORD: 0.7179102301597595, 0.4771125316619873

vb0[121]+000 POSITION: 0.028951607644557953, 1.103420376777649, 0.09596177935600281
vb0[121]+012 NORMAL: 0.2494649589061737, -0.08081294596195221, 0.9650059938430786
vb0[121]+024 TANGENT: -0.41912177205085754, -0.0016278624534606934, 0.9079285860061646, -1.0
vb0[121]+040 BLENDWEIGHTS: 1.0, 0.0, 0.0, 0.0
vb0[121]+056 BLENDINDICES: 1, 0, 0, 0
vb0[121]+072 COLOR: 1.0, 0.5019607843137255, 0.5019607843137255, 0.0
vb0[121]+076 TEXCOORD: 0.7144534587860107, 0.4766678810119629

vb0[122]+000 POSITION: 0.028777899220585823, 1.10017728805542, 0.09574559330940247
vb0[122]+012 NORMAL: 0.25096866488456726, -0.07739292830228806, 0.9648963212966919
vb0[122]+024 TANGENT: -0.423702597618103, -0.06906718015670776, 0.9031643867492676, -1.0
vb0[122]+040 BLENDWEIGHTS: 1.0, 0.0, 0.0, 0.0
vb0[122]+056 BLENDINDICES: 1, 0, 0, 0
vb0[122]+072 COLOR: 1.0, 0.5019607843137255, 0.5019607843137255, 0.0
vb0[122]+076 TEXCOORD: 0.7147048711776733, 0.46962082386016846

vb0[123]+000 POSITION: 0.028401639312505722, 1.1001908779144287, 0.0945875346660614
vb0[123]+012 NORMAL: -0.9491733312606812, -0.020489949733018875, 0.3140861392021179
vb0[123]+024 TANGENT: -0.9492639899253845, -0.02415507659316063, 0.3135511875152588, -1.0
vb0[123]+040 BLENDWEIGHTS: 1.0, 0.0, 0.0, 0.0
vb0[123]+056 BLENDINDICES: 1, 0, 0, 0
vb0[123]+072 COLOR: 1.0, 0.5019607843137255, 0.5019607843137255, 0.0
vb0[123]+076 TEXCOORD: 0.7181559801101685, 0.46968555450439453

vb0[124]+000 POSITION: 0.02889813855290413, 1.0974280834197998, 0.09550192952156067
vb0[124]+012 NORMAL: 0.2503882050514221, -0.07896668463945389, 0.9649196267127991
vb0[124]+024 TANGENT: -0.41608643531799316, -0.1266651749610901, 0.900459885597229, -1.0
vb0[124]+040 BLENDWEIGHTS: 1.0, 0.0, 0.0, 0.0
vb0[124]+056 BLENDINDICES: 1, 0, 0, 0
vb0[124]+072 COLOR: 1.0, 0.5019607843137255, 0.5019607843137255, 0.0
vb0[124]+076 TEXCOORD: 0.7140946984291077, 0.46258461475372314

vb0[125]+000 POSITION: 0.029240228235721588, 1.0947084426879883, 0.09517598897218704
vb0[125]+012 NORMAL: 0.24956899881362915, -0.08731202781200409, 0.9644128084182739
vb0[125]+024 TANGENT: -0.4029432237148285, -0.18437884747982025, 0.8964603543281555, -1.0
vb0[125]+040 BLENDWEIGHTS: 1.0, 0.0, 0.0, 0.0
vb0[125]+056 BLENDINDICES: 1, 0, 0, 0
vb0[125]+072 COLOR: 1.0, 0.5019607843137255, 0.5019607843137255, 0.0
vb0[125]+076 TEXCOORD: 0.7126374840736389, 0.45567333698272705

vb0[126]+000 POSITION: 0.029801908880472183, 1.0920367240905762, 0.09477516263723373
vb0[126]+012 NORMAL: 0.24598649144172668, -0.09206150472164154, 0.9648913145065308
vb0[126]+024 TANGENT: -0.3864964246749878, -0.24885030090808868, 0.8880844712257385, -1.0
vb0[126]+040 BLENDWEIGHTS: 1.0, 0.0, 0.0, 0.0
vb0[126]+056 BLENDINDICES: 1, 0, 0, 0
vb0[126]+072 COLOR: 1.0, 0.5019607843137255, 0.5019607843137255, 0.0
vb0[126]+076 TEXCOORD: 0.7104531526565552, 0.449313759803772

vb0[127]+000 POSITION: 0.028523020446300507, 1.0973886251449585, 0.09432803839445114
vb0[127]+012 NORMAL: -0.9446066617965698, -0.11470836400985718, 0.30750635266304016
vb0[127]+024 TANGENT: -0.9446279406547546, -0.11453799903392792, 0.3075043857097626, -1.0
vb0[127]+040 BLENDWEIGHTS: 1.0, 0.0, 0.0, 0.0
vb0[127]+056 BLENDINDICES: 1, 0, 0, 0
vb0[127]+072 COLOR: 1.0, 0.5019607843137255, 0.5019607843137255, 0.0
vb0[127]+076 TEXCOORD: 0.7175148129463196, 0.46227455139160156

vb0[128]+000 POSITION: 0.028862308710813522, 1.0946156978607178, 0.0939861312508583
vb0[128]+012 NORMAL: -0.9288442730903625, -0.20093972980976105, 0.311242014169693
vb0[128]+024 TANGENT: -0.9288942217826843, -0.20073018968105316, 0.3112279176712036, -1.0
vb0[128]+040 BLENDWEIGHTS: 1.0, 0.0, 0.0, 0.0
vb0[128]+056 BLENDINDICES: 1, 0, 0, 0
vb0[128]+072 COLOR: 1.0, 0.5019607843137255, 0.5019607843137255, 0.0
vb0[128]+076 TEXCOORD: 0.7160118818283081, 0.45497822761535645

vb0[129]+000 POSITION: 0.02942362055182457, 1.091890573501587, 0.0935666635632515
vb0[129]+012 NORMAL: -0.8960776925086975, -0.3083673417568207, 0.3193027675151825
vb0[129]+024 TANGENT: -0.8962224125862122, -0.3079756796360016, 0.31927478313446045, -1.0
vb0[129]+040 BLENDWEIGHTS: 1.0, 0.0, 0.0, 0.0
vb0[129]+056 BLENDINDICES: 1, 0, 0, 0
vb0[129]+072 COLOR: 1.0, 0.5019607843137255, 0.5019607843137255, 0.0
vb0[129]+076 TEXCOORD: 0.7137508392333984, 0.4482133388519287

vb0[130]+000 POSITION: 0.030690468847751617, 1.0894715785980225, 0.0942954421043396
vb0[130]+012 NORMAL: 0.23994489014148712, -0.09016556292772293, 0.966590166091919
vb0[130]+024 TANGENT: -0.3518165349960327, -0.32210230827331543, 0.8789057731628418, -1.0
vb0[130]+040 BLENDWEIGHTS: 1.0, 0.0, 0.0, 0.0
vb0[130]+056 BLENDINDICES: 1, 0, 0, 0
vb0[130]+072 COLOR: 1.0, 0.5019607843137255, 0.5019607843137255, 0.0
vb0[130]+076 TEXCOORD: 0.7074726223945618, 0.4432945251464844

vb0[131]+000 POSITION: 0.03195323050022125, 1.0870813131332397, 0.09376128017902374
vb0[131]+012 NORMAL: 0.23006929457187653, -0.08493541181087494, 0.9694607257843018
vb0[131]+024 TANGENT: -0.30003607273101807, -0.39595457911491394, 0.8678699731826782, -1.0
vb0[131]+040 BLENDWEIGHTS: 1.0, 0.0, 0.0, 0.0
vb0[131]+056 BLENDINDICES: 1, 0, 0, 0
vb0[131]+072 COLOR: 1.0, 0.5019607843137255, 0.5019607843137255, 0.0
vb0[131]+076 TEXCOORD: 0.7037273645401001, 0.43772339820861816

vb0[132]+000 POSITION: 0.03031310997903347, 1.0892715454101562, 0.09306669980287552
vb0[132]+012 NORMAL: -0.836021900177002, -0.4391978979110718, 0.3288959860801697
vb0[132]+024 TANGENT: -0.8363714814186096, -0.4385632276535034, 0.3288538157939911, -1.0
vb0[132]+040 BLENDWEIGHTS: 1.0, 0.0, 0.0, 0.0
vb0[132]+056 BLENDINDICES: 1, 0, 0, 0
vb0[132]+072 COLOR: 1.0, 0.5019607843137255, 0.5019607843137255, 0.0
vb0[132]+076 TEXCOORD: 0.7106493711471558, 0.44178760051727295

vb0[133]+000 POSITION: 0.03158358857035637, 1.0868289470672607, 0.09250879287719727
vb0[133]+012 NORMAL: -0.7434887290000916, -0.5779286623001099, 0.33648616075515747
vb0[133]+024 TANGENT: -0.7441154718399048, -0.5771377086639404, 0.33645832538604736, -1.0
vb0[133]+040 BLENDWEIGHTS: 1.0, 0.0, 0.0, 0.0
vb0[133]+056 BLENDINDICES: 1, 0, 0, 0
vb0[133]+072 COLOR: 1.0, 0.5019607843137255, 0.5019607843137255, 0.0
vb0[133]+076 TEXCOORD: 0.7067297101020813, 0.43582582473754883

vb0[134]+000 POSITION: 0.03361792862415314, 1.084965705871582, 0.0931851863861084
vb0[134]+012 NORMAL: 0.2216935008764267, -0.08159853518009186, 0.9716963768005371
vb0[134]+024 TANGENT: -0.22698795795440674, -0.46390119194984436, 0.856313169002533, -1.0
vb0[134]+040 BLENDWEIGHTS: 1.0, 0.0, 0.0, 0.0
vb0[134]+056 BLENDINDICES: 1, 0, 0, 0
vb0[134]+072 COLOR: 1.0, 0.5019607843137255, 0.5019607843137255, 0.0
vb0[134]+076 TEXCOORD: 0.6993187665939331, 0.4326655864715576

vb0[135]+000 POSITION: 0.03326477110385895, 1.0846636295318604, 0.09190700203180313
vb0[135]+012 NORMAL: -0.6198224425315857, -0.7072060704231262, 0.3401173949241638
vb0[135]+024 TANGENT: -0.6206717491149902, -0.7064645290374756, 0.3401094675064087, -1.0
vb0[135]+040 BLENDWEIGHTS: 1.0, 0.0, 0.0, 0.0
vb0[135]+056 BLENDINDICES: 1, 0, 0, 0
vb0[135]+072 COLOR: 1.0, 0.5019607843137255, 0.5019607843137255, 0.0
vb0[135]+076 TEXCOORD: 0.7020983099937439, 0.4303954839706421

vb0[136]+000 POSITION: 0.035645000636577606, 1.083204746246338, 0.09257429838180542
vb0[136]+012 NORMAL: 0.22195632755756378, -0.083916574716568, 0.9714388847351074
vb0[136]+024 TANGENT: -0.13565586507320404, -0.5201035141944885, 0.8432614207267761, -1.0
vb0[136]+040 BLENDWEIGHTS: 1.0, 0.0, 0.0, 0.0
vb0[136]+056 BLENDINDICES: 1, 0, 0, 0
vb0[136]+072 COLOR: 1.0, 0.5019607843137255, 0.5019607843137255, 0.0
vb0[136]+076 TEXCOORD: 0.6943187713623047, 0.428214430809021

vb0[137]+000 POSITION: 0.03531435877084732, 1.0828533172607422, 0.09127137064933777
vb0[137]+012 NORMAL: -0.47168731689453125, -0.8142664432525635, 0.33835092186927795
vb0[137]+024 TANGENT: -0.47252488136291504, -0.8137686252593994, 0.33837974071502686, -1.0
vb0[137]+040 BLENDWEIGHTS: 1.0, 0.0, 0.0, 0.0
vb0[137]+056 BLENDINDICES: 1, 0, 0, 0
vb0[137]+072 COLOR: 1.0, 0.5019607843137255, 0.5019607843137255, 0.0
vb0[137]+076 TEXCOORD: 0.6967902779579163, 0.4255862236022949

vb0[138]+000 POSITION: 0.03795655816793442, 1.0818639993667603, 0.09191130101680756
vb0[138]+012 NORMAL: 0.23738661408424377, -0.09150324761867523, 0.9670959711074829
vb0[138]+024 TANGENT: -0.02821934036910534, -0.5638563632965088, 0.8253905773162842, -1.0
vb0[138]+040 BLENDWEIGHTS: 1.0, 0.0, 0.0, 0.0
vb0[138]+056 BLENDINDICES: 1, 0, 0, 0
vb0[138]+072 COLOR: 1.0, 0.5019607843137255, 0.5019607843137255, 0.0
vb0[138]+076 TEXCOORD: 0.6887319684028625, 0.4245760440826416

vb0[139]+000 POSITION: 0.040456488728523254, 1.080973505973816, 0.0911737009882927
vb0[139]+012 NORMAL: 0.26165372133255005, -0.1013304591178894, 0.9598277807235718
vb0[139]+024 TANGENT: 0.0880323126912117, -0.5977652072906494, 0.7968230247497559, -1.0
vb0[139]+040 BLENDWEIGHTS: 1.0, 0.0, 0.0, 0.0
vb0[139]+056 BLENDINDICES: 1, 0, 0, 0
vb0[139]+072 COLOR: 1.0, 0.5019607843137255, 0.5019607843137255, 0.0
vb0[139]+076 TEXCOORD: 0.6825782656669617, 0.42202258110046387

vb0[140]+000 POSITION: 0.04307319223880768, 1.0806167125701904, 0.09037866443395615
vb0[140]+012 NORMAL: 0.28835147619247437, -0.1063748225569725, 0.9515975117683411
vb0[140]+024 TANGENT: 0.21221821010112762, -0.6095582842826843, 0.7638075947761536, -1.0
vb0[140]+040 BLENDWEIGHTS: 1.0, 0.0, 0.0, 0.0
vb0[140]+056 BLENDINDICES: 1, 0, 0, 0
vb0[140]+072 COLOR: 1.0, 0.5019607843137255, 0.5019607843137255, 0.0
vb0[140]+076 TEXCOORD: 0.6760441660881042, 0.4207313060760498

vb0[141]+000 POSITION: 0.03766105696558952, 1.0814765691757202, 0.09058357775211334
vb0[141]+012 NORMAL: -0.3074769377708435, -0.8945975303649902, 0.3242735266685486
vb0[141]+024 TANGENT: -0.30810806155204773, -0.8943505883216858, 0.32435518503189087, -1.0
vb0[141]+040 BLENDWEIGHTS: 1.0, 0.0, 0.0, 0.0
vb0[141]+056 BLENDINDICES: 1, 0, 0, 0
vb0[141]+072 COLOR: 1.0, 0.5019607843137255, 0.5019607843137255, 0.0
vb0[141]+076 TEXCOORD: 0.6907872557640076, 0.4216041564941406

vb0[142]+000 POSITION: 0.040210187435150146, 1.080583930015564, 0.08981908857822418
vb0[142]+012 NORMAL: -0.12699532508850098, -0.9474337697029114, 0.29366886615753174
vb0[142]+024 TANGENT: -0.127679705619812, -0.9472983479499817, 0.293809175491333, -1.0
vb0[142]+040 BLENDWEIGHTS: 1.0, 0.0, 0.0, 0.0
vb0[142]+056 BLENDINDICES: 1, 0, 0, 0
vb0[142]+072 COLOR: 1.0, 0.5019607843137255, 0.5019607843137255, 0.0
vb0[142]+076 TEXCOORD: 0.6840922832489014, 0.41876816749572754

vb0[143]+000 POSITION: 0.04287566989660263, 1.080240249633789, 0.08899310231208801
vb0[143]+012 NORMAL: 0.06319282203912735, -0.9662833213806152, 0.24960610270500183
vb0[143]+024 TANGENT: 0.06243682652711868, -0.9662821292877197, 0.24980130791664124, -1.0
vb0[143]+040 BLENDWEIGHTS: 1.0, 0.0, 0.0, 0.0
vb0[143]+056 BLENDINDICES: 1, 0, 0, 0
vb0[143]+072 COLOR: 1.0, 0.5019607843137255, 0.5019607843137255, 0.0
vb0[143]+076 TEXCOORD: 0.6769350171089172, 0.41727542877197266

vb0[144]+000 POSITION: 0.04570496827363968, 1.0808069705963135, 0.08956118673086166
vb0[144]+012 NORMAL: 0.3160379230976105, -0.10741548985242844, 0.9426462650299072
vb0[144]+024 TANGENT: 0.33627575635910034, -0.5977327823638916, 0.7277596592903137, -1.0
vb0[144]+040 BLENDWEIGHTS: 1.0, 0.0, 0.0, 0.0
vb0[144]+056 BLENDINDICES: 1, 0, 0, 0
vb0[144]+072 COLOR: 1.0, 0.5019607843137255, 0.5019607843137255, 0.0
vb0[144]+076 TEXCOORD: 0.6693372130393982, 0.42081141471862793

vb0[145]+000 POSITION: 0.04555045813322067, 1.0804681777954102, 0.08814089745283127
vb0[145]+012 NORMAL: 0.25354933738708496, -0.9461674690246582, 0.20119602978229523
vb0[145]+024 TANGENT: 0.2533293664455414, -0.9462143778800964, 0.20125257968902588, -1.0
vb0[145]+040 BLENDWEIGHTS: 1.0, 0.0, 0.0, 0.0
vb0[145]+056 BLENDINDICES: 1, 0, 0, 0
vb0[145]+072 COLOR: 1.0, 0.5019607843137255, 0.5019607843137255, 0.0
vb0[145]+076 TEXCOORD: 0.6695563793182373, 0.4172886610031128

vb0[146]+000 POSITION: 0.04821648821234703, 1.0815637111663818, 0.08875861763954163
vb0[146]+012 NORMAL: 0.3438875079154968, -0.10144537687301636, 0.9335150122642517
vb0[146]+024 TANGENT: 0.452536404132843, -0.5549193024635315, 0.6980510354042053, -1.0
vb0[146]+040 BLENDWEIGHTS: 1.0, 0.0, 0.0, 0.0
vb0[146]+056 BLENDINDICES: 1, 0, 0, 0
vb0[146]+072 COLOR: 1.0, 0.5019607843137255, 0.5019607843137255, 0.0
vb0[146]+076 TEXCOORD: 0.6627874970436096, 0.42221736907958984

vb0[147]+000 POSITION: 0.05052560567855835, 1.0828309059143066, 0.08799676597118378
vb0[147]+012 NORMAL: 0.37074512243270874, -0.08897607028484344, 0.9244627356529236
vb0[147]+024 TANGENT: 0.5539116263389587, -0.4878728687763214, 0.6746570467948914, -1.0
vb0[147]+040 BLENDWEIGHTS: 1.0, 0.0, 0.0, 0.0
vb0[147]+056 BLENDINDICES: 1, 0, 0, 0
vb0[147]+072 COLOR: 1.0, 0.5019607843137255, 0.5019607843137255, 0.0
vb0[147]+076 TEXCOORD: 0.6566458344459534, 0.4248790740966797

vb0[148]+000 POSITION: 0.04810306802392006, 1.0812523365020752, 0.08731810003519058
vb0[148]+012 NORMAL: 0.4334244430065155, -0.8859241008758545, 0.16517196595668793
vb0[148]+024 TANGENT: 0.4330679476261139, -0.8860883116722107, 0.16522572934627533, -1.0
vb0[148]+040 BLENDWEIGHTS: 1.0, 0.0, 0.0, 0.0
vb0[148]+056 BLENDINDICES: 1, 0, 0, 0
vb0[148]+072 COLOR: 1.0, 0.5019607843137255, 0.5019607843137255, 0.0
vb0[148]+076 TEXCOORD: 0.6623451113700867, 0.4187614917755127

vb0[149]+000 POSITION: 0.050469160079956055, 1.0825175046920776, 0.0865422785282135
vb0[149]+012 NORMAL: 0.5949509739875793, -0.7918508052825928, 0.1378605216741562
vb0[149]+024 TANGENT: 0.5948194265365601, -0.7919453382492065, 0.13788557052612305, -1.0
vb0[149]+040 BLENDWEIGHTS: 1.0, 0.0, 0.0, 0.0
vb0[149]+056 BLENDINDICES: 1, 0, 0, 0
vb0[149]+072 COLOR: 1.0, 0.5019607843137255, 0.5019607843137255, 0.0
vb0[149]+076 TEXCOORD: 0.65558260679245, 0.4215991497039795

vb0[150]+000 POSITION: 0.05256110057234764, 1.0845246315002441, 0.08729393780231476
vb0[150]+012 NORMAL: 0.3917786180973053, -0.07315196096897125, 0.9171468019485474
vb0[150]+024 TANGENT: 0.6331547498703003, -0.41626980900764465, 0.6525600552558899, -1.0
vb0[150]+040 BLENDWEIGHTS: 1.0, 0.0, 0.0, 0.0
vb0[150]+056 BLENDINDICES: 1, 0, 0, 0
vb0[150]+072 COLOR: 1.0, 0.5019607843137255, 0.5019607843137255, 0.0
vb0[150]+076 TEXCOORD: 0.6510773301124573, 0.4286012649536133

vb0[151]+000 POSITION: 0.05433741956949234, 1.086519718170166, 0.08666715770959854
vb0[151]+012 NORMAL: 0.4003812372684479, -0.06472209841012955, 0.9140601754188538
vb0[151]+024 TANGENT: 0.6851335167884827, -0.3638702630996704, 0.6310234665870667, -1.0
vb0[151]+040 BLENDWEIGHTS: 1.0, 0.0, 0.0, 0.0
vb0[151]+056 BLENDINDICES: 1, 0, 0, 0
vb0[151]+072 COLOR: 1.0, 0.5019607843137255, 0.5019607843137255, 0.0
vb0[151]+076 TEXCOORD: 0.6462821960449219, 0.4332900047302246

vb0[152]+000 POSITION: 0.0525246188044548, 1.0842649936676025, 0.08583258092403412
vb0[152]+012 NORMAL: 0.7182515263557434, -0.6886910200119019, 0.09909343719482422
vb0[152]+024 TANGENT: 0.7183142304420471, -0.6886298060417175, 0.09906350076198578, -1.0
vb0[152]+040 BLENDWEIGHTS: 1.0, 0.0, 0.0, 0.0
vb0[152]+056 BLENDINDICES: 1, 0, 0, 0
vb0[152]+072 COLOR: 1.0, 0.5019607843137255, 0.5019607843137255, 0.0
vb0[152]+076 TEXCOORD: 0.6494780778884888, 0.42561304569244385

vb0[153]+000 POSITION: 0.05429532006382942, 1.0863361358642578, 0.08520624786615372
vb0[153]+012 NORMAL: 0.7977830171585083, -0.6006233096122742, 0.05285748466849327
vb0[153]+024 TANGENT: 0.7979100346565247, -0.6004625558853149, 0.05276608094573021, -1.0
vb0[153]+040 BLENDWEIGHTS: 1.0, 0.0, 0.0, 0.0
vb0[153]+056 BLENDINDICES: 1, 0, 0, 0
vb0[153]+072 COLOR: 1.0, 0.5019607843137255, 0.5019607843137255, 0.0
vb0[153]+076 TEXCOORD: 0.6442396640777588, 0.43067312240600586

vb0[154]+000 POSITION: 0.031733084470033646, 1.0883357524871826, 0.09460321068763733
vb0[154]+012 NORMAL: 0.2510826587677002, 0.01284084003418684, 0.9678805470466614
vb0[154]+024 TANGENT: 0.3635959327220917, -0.026929259300231934, 0.9311674237251282, -1.0
vb0[154]+040 BLENDWEIGHTS: 1.0, 0.0, 0.0, 0.0
vb0[154]+056 BLENDINDICES: 1, 0, 0, 0
vb0[154]+072 COLOR: 1.0, 0.5019607843137255, 0.5019607843137255, 0.0
vb0[154]+076 TEXCOORD: 0.6797801852226257, 0.5287425518035889

vb0[155]+000 POSITION: 0.03340783342719078, 1.0891432762145996, 0.09397266060113907
vb0[155]+012 NORMAL: 0.34532681107521057, -0.014202862046658993, 0.9383749961853027
vb0[155]+024 TANGENT: 0.3635690212249756, -0.026927590370178223, 0.9311779737472534, -1.0
vb0[155]+040 BLENDWEIGHTS: 1.0, 0.0, 0.0, 0.0
vb0[155]+056 BLENDINDICES: 1, 0, 0, 0
vb0[155]+072 COLOR: 1.0, 0.5019607843137255, 0.5019607843137255, 0.0
vb0[155]+076 TEXCOORD: 0.6722907423973083, 0.5275788307189941

vb0[156]+000 POSITION: 0.032051391899585724, 1.0893012285232544, 0.09450685232877731
vb0[156]+012 NORMAL: 0.2535898685455322, 0.028757791966199875, 0.9668843150138855
vb0[156]+024 TANGENT: 0.36360496282577515, -0.02693241648375988, 0.9311637878417969, -1.0
vb0[156]+040 BLENDWEIGHTS: 1.0, 0.0, 0.0, 0.0
vb0[156]+056 BLENDINDICES: 1, 0, 0, 0
vb0[156]+072 COLOR: 1.0, 0.5019607843137255, 0.5019607843137255, 0.0
vb0[156]+076 TEXCOORD: 0.6782581806182861, 0.5307374000549316

vb0[157]+000 POSITION: 0.03275495395064354, 1.0901992321014404, 0.09425811469554901
vb0[157]+012 NORMAL: 0.2657774090766907, 0.06811265647411346, 0.9616251587867737
vb0[157]+024 TANGENT: 0.3635438084602356, -0.026925446465611458, 0.9311878681182861, -1.0
vb0[157]+040 BLENDWEIGHTS: 1.0, 0.0, 0.0, 0.0
vb0[157]+056 BLENDINDICES: 1, 0, 0, 0
vb0[157]+072 COLOR: 1.0, 0.5019607843137255, 0.5019607843137255, 0.0
vb0[157]+076 TEXCOORD: 0.6758225560188293, 0.5322532653808594

vb0[158]+000 POSITION: 0.03373609855771065, 1.0908923149108887, 0.0938950702548027
vb0[158]+012 NORMAL: 0.2923295795917511, 0.09315158426761627, 0.9517700672149658
vb0[158]+024 TANGENT: 0.3635621666908264, -0.026926515623927116, 0.9311806559562683, -1.0
vb0[158]+040 BLENDWEIGHTS: 1.0, 0.0, 0.0, 0.0
vb0[158]+056 BLENDINDICES: 1, 0, 0, 0
vb0[158]+072 COLOR: 1.0, 0.5019607843137255, 0.5019607843137255, 0.0
vb0[158]+076 TEXCOORD: 0.6728419661521912, 0.5330568552017212

vb0[159]+000 POSITION: 0.03484455496072769, 1.0912758111953735, 0.09347336739301682
vb0[159]+012 NORMAL: 0.3277645707130432, 0.09772711247205734, 0.9396913647651672
vb0[159]+024 TANGENT: 0.3635823726654053, -0.02692997269332409, 0.9311726689338684, -1.0
vb0[159]+040 BLENDWEIGHTS: 1.0, 0.0, 0.0, 0.0
vb0[159]+056 BLENDINDICES: 1, 0, 0, 0
vb0[159]+072 COLOR: 1.0, 0.5019607843137255, 0.5019607843137255, 0.0
vb0[159]+076 TEXCOORD: 0.6697770953178406, 0.5330209732055664

vb0[160]+000 POSITION: 0.03591030836105347, 1.091291069984436, 0.09305768460035324
vb0[160]+012 NORMAL: 0.3638509511947632, 0.08280327916145325, 0.9277694225311279
vb0[160]+024 TANGENT: 0.36353957653045654, -0.02692234329879284, 0.9311896562576294, -1.0
vb0[160]+040 BLENDWEIGHTS: 1.0, 0.0, 0.0, 0.0
vb0[160]+056 BLENDINDICES: 1, 0, 0, 0
vb0[160]+072 COLOR: 1.0, 0.5019607843137255, 0.5019607843137255, 0.0
vb0[160]+076 TEXCOORD: 0.6671004295349121, 0.5321588516235352

vb0[161]+000 POSITION: 0.036769695580005646, 1.0909364223480225, 0.09271188825368881
vb0[161]+012 NORMAL: 0.3943448066711426, 0.054265424609184265, 0.917358934879303
vb0[161]+024 TANGENT: 0.3636012375354767, -0.026929916813969612, 0.931165337562561, -1.0
vb0[161]+040 BLENDWEIGHTS: 1.0, 0.0, 0.0, 0.0
vb0[161]+056 BLENDINDICES: 1, 0, 0, 0
vb0[161]+072 COLOR: 1.0, 0.5019607843137255, 0.5019607843137255, 0.0
vb0[161]+076 TEXCOORD: 0.6652220487594604, 0.5306072235107422

vb0[162]+000 POSITION: 0.037290360778570175, 1.0902655124664307, 0.09248919039964676
vb0[162]+012 NORMAL: 0.41617467999458313, 0.018420830368995667, 0.9090980887413025
vb0[162]+024 TANGENT: 0.36358389258384705, -0.026928488165140152, 0.9311721920967102, -1.0
vb0[162]+040 BLENDWEIGHTS: 1.0, 0.0, 0.0, 0.0
vb0[162]+056 BLENDINDICES: 1, 0, 0, 0
vb0[162]+072 COLOR: 1.0, 0.5019607843137255, 0.5019607843137255, 0.0
vb0[162]+076 TEXCOORD: 0.6644268035888672, 0.5286028385162354

vb0[163]+000 POSITION: 0.037391629070043564, 1.0893818140029907, 0.09242409467697144
vb0[163]+012 NORMAL: 0.42882081866264343, -0.02196681872010231, 0.9031223654747009
vb0[163]+024 TANGENT: 0.3635609745979309, -0.026926159858703613, 0.9311811923980713, -1.0
vb0[163]+040 BLENDWEIGHTS: 1.0, 0.0, 0.0, 0.0
vb0[163]+056 BLENDINDICES: 1, 0, 0, 0
vb0[163]+072 COLOR: 1.0, 0.5019607843137255, 0.5019607843137255, 0.0
vb0[163]+076 TEXCOORD: 0.6648370027542114, 0.526451587677002

vb0[164]+000 POSITION: 0.037056948989629745, 1.0884190797805786, 0.09252692759037018
vb0[164]+012 NORMAL: 0.4302077293395996, -0.06414259970188141, 0.900448203086853
vb0[164]+024 TANGENT: 0.36358752846717834, -0.026929497718811035, 0.931170642375946, -1.0
vb0[164]+040 BLENDWEIGHTS: 1.0, 0.0, 0.0, 0.0
vb0[164]+056 BLENDINDICES: 1, 0, 0, 0
vb0[164]+072 COLOR: 1.0, 0.5019607843137255, 0.5019607843137255, 0.0
vb0[164]+076 TEXCOORD: 0.6663956046104431, 0.52447509765625

vb0[165]+000 POSITION: 0.03633636236190796, 1.0875244140625, 0.0927824079990387
vb0[165]+012 NORMAL: 0.4177735149860382, -0.10103068500757217, 0.9029163718223572
vb0[165]+024 TANGENT: 0.36357828974723816, -0.026926813647150993, 0.9311743378639221, -1.0
vb0[165]+040 BLENDWEIGHTS: 1.0, 0.0, 0.0, 0.0
vb0[165]+056 BLENDINDICES: 1, 0, 0, 0
vb0[165]+072 COLOR: 1.0, 0.5019607843137255, 0.5019607843137255, 0.0
vb0[165]+076 TEXCOORD: 0.6688678860664368, 0.5229763984680176

vb0[166]+000 POSITION: 0.03533921018242836, 1.0868337154388428, 0.09315177798271179
vb0[166]+012 NORMAL: 0.392177015542984, -0.12396469712257385, 0.9114986658096313
vb0[166]+024 TANGENT: 0.3635600805282593, -0.02692466974258423, 0.9311816096305847, -1.0
vb0[166]+040 BLENDWEIGHTS: 1.0, 0.0, 0.0, 0.0
vb0[166]+056 BLENDINDICES: 1, 0, 0, 0
vb0[166]+072 COLOR: 1.0, 0.5019607843137255, 0.5019607843137255, 0.0
vb0[166]+076 TEXCOORD: 0.6718878149986267, 0.5221912860870361

vb0[167]+000 POSITION: 0.03421732038259506, 1.086452841758728, 0.09357879310846329
vb0[167]+012 NORMAL: 0.3589693307876587, -0.12697432935237885, 0.9246721267700195
vb0[167]+024 TANGENT: 0.3635622560977936, -0.02692866325378418, 0.9311805367469788, -1.0
vb0[167]+040 BLENDWEIGHTS: 1.0, 0.0, 0.0, 0.0
vb0[167]+056 BLENDINDICES: 1, 0, 0, 0
vb0[167]+072 COLOR: 1.0, 0.5019607843137255, 0.5019607843137255, 0.0
vb0[167]+076 TEXCOORD: 0.6749833822250366, 0.5222437381744385

vb0[168]+000 POSITION: 0.03314204886555672, 1.0864390134811401, 0.09399823099374771
vb0[168]+012 NORMAL: 0.32565659284591675, -0.11114570498466492, 0.9389325976371765
vb0[168]+024 TANGENT: 0.36357325315475464, -0.026929199695587158, 0.9311763048171997, -1.0
vb0[168]+040 BLENDWEIGHTS: 1.0, 0.0, 0.0, 0.0
vb0[168]+056 BLENDINDICES: 1, 0, 0, 0
vb0[168]+072 COLOR: 1.0, 0.5019607843137255, 0.5019607843137255, 0.0
vb0[168]+076 TEXCOORD: 0.6776823401451111, 0.5231199264526367

vb0[169]+000 POSITION: 0.032277997583150864, 1.0867944955825806, 0.09434588253498077
vb0[169]+012 NORMAL: 0.2974567115306854, -0.08212120831012726, 0.9511969685554504
vb0[169]+024 TANGENT: 0.36357828974723816, -0.026928244158625603, 0.9311743378639221, -1.0
vb0[169]+040 BLENDWEIGHTS: 1.0, 0.0, 0.0, 0.0
vb0[169]+056 BLENDINDICES: 1, 0, 0, 0
vb0[169]+072 COLOR: 1.0, 0.5019607843137255, 0.5019607843137255, 0.0
vb0[169]+076 TEXCOORD: 0.6795721054077148, 0.5246772766113281

vb0[170]+000 POSITION: 0.03175795078277588, 1.0874651670455933, 0.09456832706928253
vb0[170]+012 NORMAL: 0.2701404392719269, -0.030362840741872787, 0.9623420834541321
vb0[170]+024 TANGENT: 0.36356303095817566, -0.026925863698124886, 0.931180477142334, -1.0
vb0[170]+040 BLENDWEIGHTS: 1.0, 0.0, 0.0, 0.0
vb0[170]+056 BLENDINDICES: 1, 0, 0, 0
vb0[170]+072 COLOR: 1.0, 0.5019607843137255, 0.5019607843137255, 0.0
vb0[170]+076 TEXCOORD: 0.6803643703460693, 0.5266813039779663

vb0[171]+000 POSITION: -0.056066691875457764, 1.0896835327148438, 0.08689980208873749
vb0[171]+012 NORMAL: -0.40386873483657837, 0.03798897936940193, 0.9140278697013855
vb0[171]+024 TANGENT: -0.31313231587409973, 0.009006381034851074, 0.9496667981147766, -1.0
vb0[171]+040 BLENDWEIGHTS: 1.0, 0.0, 0.0, 0.0
vb0[171]+056 BLENDINDICES: 0, 0, 0, 0
vb0[171]+072 COLOR: 1.0, 0.5019607843137255, 0.5019607843137255, 0.0
vb0[171]+076 TEXCOORD: 0.6797801852226257, 0.5287425518035889

vb0[172]+000 POSITION: -0.05184904485940933, 1.0907692909240723, 0.08828029781579971
vb0[172]+012 NORMAL: -0.30898553133010864, 0.009782514534890652, 0.9510164260864258
vb0[172]+024 TANGENT: -0.31315016746520996, 0.009010790847241879, 0.9496608376502991, -1.0
vb0[172]+040 BLENDWEIGHTS: 1.0, 0.0, 0.0, 0.0
vb0[172]+056 BLENDINDICES: 0, 0, 0, 0
vb0[172]+072 COLOR: 1.0, 0.5019607843137255, 0.5019607843137255, 0.0
vb0[172]+076 TEXCOORD: 0.6722907423973083, 0.5275788307189941

vb0[173]+000 POSITION: -0.05574475973844528, 1.09064781665802, 0.08699680864810944
vb0[173]+012 NORMAL: -0.4009780287742615, 0.05438657104969025, 0.9144719243049622
vb0[173]+024 TANGENT: -0.3131493031978607, 0.0090141287073493, 0.9496610760688782, -1.0
vb0[173]+040 BLENDWEIGHTS: 1.0, 0.0, 0.0, 0.0
vb0[173]+056 BLENDINDICES: 0, 0, 0, 0
vb0[173]+072 COLOR: 1.0, 0.5019607843137255, 0.5019607843137255, 0.0
vb0[173]+076 TEXCOORD: 0.6782581806182861, 0.5307374000549316

vb0[174]+000 POSITION: -0.05502982437610626, 1.09154212474823, 0.087224081158638
vb0[174]+012 NORMAL: -0.3872423768043518, 0.09489018470048904, 0.9170819520950317
vb0[174]+024 TANGENT: -0.31319764256477356, 0.009008526802062988, 0.9496452808380127, -1.0
vb0[174]+040 BLENDWEIGHTS: 1.0, 0.0, 0.0, 0.0
vb0[174]+056 BLENDINDICES: 0, 0, 0, 0
vb0[174]+072 COLOR: 1.0, 0.5019607843137255, 0.5019607843137255, 0.0
vb0[174]+076 TEXCOORD: 0.6758225560188293, 0.5322532653808594

vb0[175]+000 POSITION: -0.05403126776218414, 1.0922305583953857, 0.08754683285951614
vb0[175]+012 NORMAL: -0.3591536581516266, 0.12057939916849136, 0.9254562854766846
vb0[175]+024 TANGENT: -0.31317195296287537, 0.009009122848510742, 0.949653685092926, -1.0
vb0[175]+040 BLENDWEIGHTS: 1.0, 0.0, 0.0, 0.0
vb0[175]+056 BLENDINDICES: 0, 0, 0, 0
vb0[175]+072 COLOR: 1.0, 0.5019607843137255, 0.5019607843137255, 0.0
vb0[175]+076 TEXCOORD: 0.6728419661521912, 0.5330568552017212

vb0[176]+000 POSITION: -0.05290205404162407, 1.0926083326339722, 0.08791560679674149
vb0[176]+012 NORMAL: -0.32270172238349915, 0.125164195895195, 0.938188374042511
vb0[176]+024 TANGENT: -0.313149094581604, 0.00901245977729559, 0.9496611952781677, -1.0
vb0[176]+040 BLENDWEIGHTS: 1.0, 0.0, 0.0, 0.0
vb0[176]+056 BLENDINDICES: 0, 0, 0, 0
vb0[176]+072 COLOR: 1.0, 0.5019607843137255, 0.5019607843137255, 0.0
vb0[176]+076 TEXCOORD: 0.6697770953178406, 0.5330209732055664

vb0[177]+000 POSITION: -0.051815327256917953, 1.0926182270050049, 0.08827386796474457
vb0[177]+012 NORMAL: -0.2859799563884735, 0.10965722054243088, 0.9519405961036682
vb0[177]+024 TANGENT: -0.3131471276283264, 0.00901198573410511, 0.9496619701385498, -1.0
vb0[177]+040 BLENDWEIGHTS: 1.0, 0.0, 0.0, 0.0
vb0[177]+056 BLENDINDICES: 0, 0, 0, 0
vb0[177]+072 COLOR: 1.0, 0.5019607843137255, 0.5019607843137255, 0.0
vb0[177]+076 TEXCOORD: 0.6671004295349121, 0.5321588516235352

vb0[178]+000 POSITION: -0.05093803629279137, 1.0922589302062988, 0.08856657147407532
vb0[178]+012 NORMAL: -0.2549917995929718, 0.08010470122098923, 0.9636194705963135
vb0[178]+024 TANGENT: -0.31313014030456543, 0.009012937545776367, 0.9496674537658691, -1.0
vb0[178]+040 BLENDWEIGHTS: 1.0, 0.0, 0.0, 0.0
vb0[178]+056 BLENDINDICES: 0, 0, 0, 0
vb0[178]+072 COLOR: 1.0, 0.5019607843137255, 0.5019607843137255, 0.0
vb0[178]+076 TEXCOORD: 0.6652220487594604, 0.5306072235107422

vb0[179]+000 POSITION: -0.05040520057082176, 1.091585397720337, 0.08874867111444473
vb0[179]+012 NORMAL: -0.23248471319675446, 0.04302216321229935, 0.971648097038269
vb0[179]+024 TANGENT: -0.31315967440605164, 0.009011506102979183, 0.9496577382087708, -1.0
vb0[179]+040 BLENDWEIGHTS: 1.0, 0.0, 0.0, 0.0
vb0[179]+056 BLENDINDICES: 0, 0, 0, 0
vb0[179]+072 COLOR: 1.0, 0.5019607843137255, 0.5019607843137255, 0.0
vb0[179]+076 TEXCOORD: 0.6644268035888672, 0.5286028385162354

vb0[180]+000 POSITION: -0.05029940605163574, 1.0907005071640015, 0.08879195153713226
vb0[180]+012 NORMAL: -0.21884918212890625, 0.0012630135752260685, 0.975757896900177
vb0[180]+024 TANGENT: -0.31316113471984863, 0.009007333777844906, 0.9496573209762573, -1.0
vb0[180]+040 BLENDWEIGHTS: 1.0, 0.0, 0.0, 0.0
vb0[180]+056 BLENDINDICES: 0, 0, 0, 0
vb0[180]+072 COLOR: 1.0, 0.5019607843137255, 0.5019607843137255, 0.0
vb0[180]+076 TEXCOORD: 0.6648370027542114, 0.526451587677002

vb0[181]+000 POSITION: -0.050637900829315186, 1.0897390842437744, 0.08868944644927979
vb0[181]+012 NORMAL: -0.21648801863193512, -0.04227643832564354, 0.9753695130348206
vb0[181]+024 TANGENT: -0.3131321668624878, 0.00900888442993164, 0.9496669173240662, -1.0
vb0[181]+040 BLENDWEIGHTS: 1.0, 0.0, 0.0, 0.0
vb0[181]+056 BLENDINDICES: 0, 0, 0, 0
vb0[181]+072 COLOR: 1.0, 0.5019607843137255, 0.5019607843137255, 0.0
vb0[181]+076 TEXCOORD: 0.6663956046104431, 0.52447509765625

vb0[182]+000 POSITION: -0.051370058208703995, 1.0888476371765137, 0.08845647424459457
vb0[182]+012 NORMAL: -0.22858642041683197, -0.08032210916280746, 0.9702044725418091
vb0[182]+024 TANGENT: -0.3131515681743622, 0.00901114847511053, 0.9496604204177856, -1.0
vb0[182]+040 BLENDWEIGHTS: 1.0, 0.0, 0.0, 0.0
vb0[182]+056 BLENDINDICES: 0, 0, 0, 0
vb0[182]+072 COLOR: 1.0, 0.5019607843137255, 0.5019607843137255, 0.0
vb0[182]+076 TEXCOORD: 0.6688678860664368, 0.5229763984680176

vb0[183]+000 POSITION: -0.052384812384843826, 1.0881619453430176, 0.08812836557626724
vb0[183]+012 NORMAL: -0.25507035851478577, -0.10387634485960007, 0.9613265991210938
vb0[183]+024 TANGENT: -0.31314849853515625, 0.00901126954704523, 0.9496614336967468, -1.0
vb0[183]+040 BLENDWEIGHTS: 1.0, 0.0, 0.0, 0.0
vb0[183]+056 BLENDINDICES: 0, 0, 0, 0
vb0[183]+072 COLOR: 1.0, 0.5019607843137255, 0.5019607843137255, 0.0
vb0[183]+076 TEXCOORD: 0.6718878149986267, 0.5221912860870361

vb0[184]+000 POSITION: -0.05352756753563881, 1.0877865552902222, 0.08775509893894196
vb0[184]+012 NORMAL: -0.2904486060142517, -0.10680338740348816, 0.9509114623069763
vb0[184]+024 TANGENT: -0.31313368678092957, 0.009013294242322445, 0.9496662616729736, -1.0
vb0[184]+040 BLENDWEIGHTS: 1.0, 0.0, 0.0, 0.0
vb0[184]+056 BLENDINDICES: 0, 0, 0, 0
vb0[184]+072 COLOR: 1.0, 0.5019607843137255, 0.5019607843137255, 0.0
vb0[184]+076 TEXCOORD: 0.6749833822250366, 0.5222437381744385

vb0[185]+000 POSITION: -0.054623913019895554, 1.0877783298492432, 0.08739364147186279
vb0[185]+012 NORMAL: -0.3264072835445404, -0.09027590602636337, 0.9409083127975464
vb0[185]+024 TANGENT: -0.31314221024513245, 0.009010315872728825, 0.9496635794639587, -1.0
vb0[185]+040 BLENDWEIGHTS: 1.0, 0.0, 0.0, 0.0
vb0[185]+056 BLENDINDICES: 0, 0, 0, 0
vb0[185]+072 COLOR: 1.0, 0.5019607843137255, 0.5019607843137255, 0.0
vb0[185]+076 TEXCOORD: 0.6776823401451111, 0.5231199264526367

vb0[186]+000 POSITION: -0.055505938827991486, 1.0881383419036865, 0.08709938079118729
vb0[186]+012 NORMAL: -0.3567505180835724, -0.06016635149717331, 0.9322602152824402
vb0[186]+024 TANGENT: -0.3131667673587799, 0.009014607407152653, 0.9496554136276245, -1.0
vb0[186]+040 BLENDWEIGHTS: 1.0, 0.0, 0.0, 0.0
vb0[186]+056 BLENDINDICES: 0, 0, 0, 0
vb0[186]+072 COLOR: 1.0, 0.5019607843137255, 0.5019607843137255, 0.0
vb0[186]+076 TEXCOORD: 0.6795721054077148, 0.5246772766113281

vb0[187]+000 POSITION: -0.05603816732764244, 1.0888117551803589, 0.08691747486591339
vb0[187]+012 NORMAL: -0.3854086697101593, -0.006615794263780117, 0.9227222204208374
vb0[187]+024 TANGENT: -0.3131577968597412, 0.009009718894958496, 0.9496583938598633, -1.0
vb0[187]+040 BLENDWEIGHTS: 1.0, 0.0, 0.0, 0.0
vb0[187]+056 BLENDINDICES: 0, 0, 0, 0
vb0[187]+072 COLOR: 1.0, 0.5019607843137255, 0.5019607843137255, 0.0
vb0[187]+076 TEXCOORD: 0.6803643703460693, 0.5266813039779663
