byte offset: 0
first index: 97119
index count: 7968
topology: trianglelist
format: DXGI_FORMAT_R16_UINT

16002 36062 36063
16010 36063 36064
16012 16011 36065
16013 16012 36066
16014 36067 36068
16015 16100 36069
16016 16015 36070
36071 16044 16114
16017 16003 16010
16018 16017 16011
16019 16018 16012
16020 16019 16013
16021 36072 16014
16022 16099 16015
16023 16022 16016
16044 16045 16115
16024 16004 36073
16025 16024 36074
16026 16101 36075
16105 16026 36075
16028 16027 36076
16098 36077 36078
16111 36078 36079
36079 36080 16030
16031 16005 16024
16006 16031 16032
16007 16006 16090
16034 16031 16025
16032 16031 16034
16036 16102 16026
16035 16033 16032
16036 16038 16103
36081 16039 16106
16039 16040 16107
36082 16028 16041
16042 16097 16098
16046 16047 16113
36083 36082 16041
16051 16113 16047
16048 16096 16042
16049 16111 16030
16038 16052 16104
16040 16053 16080
16043 16054 36084
16055 16112 16050
16048 16056 16095
16057 16110 16109
16079 16090 16091
16054 16082 36084
16057 16065 16063
16056 16083 16095
16056 16084 16062
16061 16057 16064
16064 16112 16055
16061 16065 16057
36067 36085 36086
16014 36085 36067
16037 16077 16068
16077 16037 16104
16081 16089 16052
16077 16074 16073
16071 16077 16072
16068 16077 16071
16072 16077 16069
16077 16073 16069
16077 16075 16074
16033 16068 16078
16078 16068 16067
16078 16094 16058
36087 16092 16066
16009 16093 16008
16037 16068 16033
16076 16052 16070
16052 16076 16075
16052 16075 16104
16080 16088 16081
16054 16060 16082
36084 16082 16059
16056 16087 16083
16054 16083 16060
16056 16086 16084
16056 16063 16085
16056 16085 16086
16057 16063 16110
16055 16050 16051
16056 16062 16087
16080 16053 36088
36088 16088 16080
16052 16080 16081
16052 16089 16070
16040 16080 16107
16052 16038 16107
16007 16090 16079
16091 16033 16078
16091 16090 16033
16007 16079 16009
16058 16091 16078
16079 16066 16093
16090 16032 16033
16090 16006 16032
16078 16067 16094
16058 16092 16091
16091 16092 36087
16095 16083 16054
16096 16095 16054
16097 16043 16041
16098 16041 16028
36077 16028 36076
16100 16021 16014
36089 16100 36068
16079 16093 16009
16101 16025 36074
16034 16025 16101
16035 16034 16102
16037 16035 16103
16104 16075 16077
16105 36075 36090
36081 16105 36090
16036 16026 16105
16038 16036 16106
16107 16080 16052
16108 16042 16029
16048 16042 16108
16056 16048 16109
16063 16056 16110
16111 16029 36078
16108 16029 16111
16050 16109 16049
16112 16057 16050
16064 16057 16112
16030 16113 16049
16050 16049 16113
36079 16030 16111
36078 16029 16098
36077 16098 16028
16114 16016 36091
16016 16114 16023
36080 36092 16046
36080 16046 16030
16050 16057 16109
16100 16014 36068
36093 36062 16002
36094 36093 16116
36095 36094 16117
36096 36095 16118
16120 36097 36098
36099 36100 16206
36101 36099 16121
36102 36103 16220
16123 16116 16003
16117 16116 16123
16118 16117 16124
16126 16119 16125
16120 36104 36105
16121 16206 16205
16122 16121 16128
16220 16221 16150
16130 36106 16004
36107 36106 16130
36108 36107 16207
16211 36108 16132
16127 36109 16133
36110 36111 16204
16217 16136 16129
16129 16136 36112
16137 16130 16005
16006 16138 16137
16007 16196 16006
16131 16130 16137
16138 16141 16140
16132 16207 16208
16141 16139 16143
16208 16209 16142
16211 16212 36113
16145 16212 16213
36114 16134 16133
16148 16135 16204
16136 16219 16152
16146 16149 16147
16157 16153 16219
16148 16203 16202
16155 16136 16217
16144 16209 16210
36115 16186 16159
16149 16146 36116
16161 16156 16218
16154 16202 16201
16163 16215 16216
16185 16197 16196
16160 36116 16188
16163 16169 16171
16162 16201 16189
16162 16168 16190
16167 16170 16163
16170 16161 16218
16167 16163 16171
36098 36117 36104
16120 36098 36104
16143 16174 16183
16210 16143 16183
16187 16158 16195
16183 16179 16180
16177 16178 16183
16174 16177 16183
16178 16175 16183
16183 16175 16179
16183 16180 16181
16139 16184 16174
16184 16173 16174
16184 16164 16200
36118 16172 16198
16009 16008 16199
16143 16139 16174
16182 16176 16158
16158 16181 16182
16158 16210 16181
16186 16187 16194
16160 16188 16166
36116 16165 16188
16162 16189 16193
16160 16166 16189
16162 16190 16192
16162 16191 16169
16162 16192 16191
16163 16216 16169
16161 16157 16156
16162 16193 16168
16186 36119 16159
36119 16186 16194
16158 16187 16186
16158 16176 16195
36115 16213 16186
16213 16144 16158
16007 16185 16196
16197 16184 16139
16197 16139 16196
16007 16009 16185
16164 16184 16197
16185 16199 16172
16196 16139 16138
16196 16138 16006
16184 16200 16173
16164 16197 16198
16197 36118 16198
16201 16160 16189
16202 16160 16201
16203 16149 16202
16204 16147 16203
36111 16127 16134
16206 36120 16205
36100 36097 16206
16185 16009 16199
16207 36107 16131
16208 16207 16140
16141 16209 16208
16210 16209 16143
16183 16181 16210
16211 36121 36108
36113 36121 16211
16142 16212 16211
16213 16212 16144
16158 16186 16213
16214 16135 16148
16215 16214 16154
16216 16215 16162
16169 16216 16162
16217 36110 16135
16155 16217 16214
16155 16214 16215
16218 16156 16163
16170 16218 16163
16136 16155 16219
16157 16219 16156
16129 36110 16217
16204 16135 36110
36111 16134 16204
36103 36101 16122
36122 16221 16220
36112 16152 16151
36112 16136 16152
16156 16215 16163
16206 36097 16120
16223 16224 16222
36123 16223 36124
36123 16224 16223
36125 16224 36126
36127 16224 36125
36126 16224 36123
16225 16222 16224
36128 36129 16225
36128 16225 16224
36130 36131 16224
36132 36130 16224
36131 36128 16224
16228 16227 16226
16227 16229 16226
16237 16240 16251
16245 16237 16231
16234 16241 16235
16241 16234 16242
16238 16250 16230
16232 16245 16231
16245 16232 16241
16247 16238 16230
16238 16247 16248
16250 16234 16235
16234 16250 16249
16241 16236 16235
16236 16241 16232
16242 16245 16241
16245 16242 16244
16240 16245 16244
16245 16240 16237
16253 16248 16247
16248 16239 16238
16239 16248 16246
16238 16249 16250
16249 16238 16239
16250 16235 16236
16250 16236 16230
16246 16248 16252
16243 16246 16252
16253 16247 16233
16256 16254 16255
16255 16254 16257
16265 16279 16268
16273 16259 16265
16269 16262 16263
16262 16269 16270
16266 16258 16278
16273 16260 16259
16260 16273 16269
16275 16266 16276
16266 16275 16258
16262 16278 16263
16278 16262 16277
16264 16269 16263
16269 16264 16260
16273 16270 16269
16270 16273 16272
16268 16272 16273
16273 16265 16268
16281 16275 16276
16267 16276 16266
16276 16267 16274
16277 16266 16278
16266 16277 16267
16278 16264 16263
16278 16258 16264
16274 16280 16276
16271 16280 16274
16281 16261 16275
16305 16304 16292
16293 16292 16290
16305 16293 16306
16284 16294 16296
16295 16294 16285
16296 16295 16289
16288 16297 16298
16287 16285 16294
16298 16297 16294
36133 36134 16300
36135 16286 16299
16300 16299 16291
16304 16307 16287
16290 16292 16301
16292 16304 16287
16301 16297 16288
16291 16299 16303
16302 16299 16286
16303 16302 16283
16305 16292 16293
16301 16292 16297
16296 16294 16295
16298 16294 16284
16300 36134 16299
16303 16299 16302
16282 16285 16287
36136 16286 36135
16297 16292 16287
16297 16287 16294
16299 36134 36135
16307 16308 16282
16307 16282 16287
16332 16319 16331
16320 16317 16319
16332 16333 16320
16311 16323 16321
16322 16312 16321
16323 16316 16322
16315 16325 16324
16314 16321 16312
16325 16321 16324
36137 16327 36138
36139 16326 16313
16327 16318 16326
16331 16314 16334
16317 16328 16319
16319 16314 16331
16328 16315 16324
16318 16330 16326
16329 16313 16326
16330 16310 16329
16332 16320 16319
16328 16324 16319
16323 16322 16321
16325 16311 16321
16327 16326 36138
16330 16329 16326
16309 16314 16312
36140 36139 16313
16324 16314 16319
16324 16321 16314
16326 36139 36138
16334 16309 16335
16334 16314 16309
16341 16342 16340
16343 16344 16346
16344 16345 16346
16339 16347 16341
16348 16339 16340
16339 16348 16349
16340 16342 16338
16340 16338 16336
16336 16337 16340
16337 16350 16348
16349 16343 16339
16337 16348 16340
16343 16346 16347
16341 16340 16339
16339 16343 16347
16357 16355 16356
16359 16360 16358
16358 16360 16361
16354 16357 16362
16354 16364 16355
16364 16354 16363
16355 16353 16356
16355 16351 16353
16351 16355 16352
16352 16364 16365
16363 16354 16359
16352 16355 16364
16359 16362 16360
16357 16354 16355
16354 16362 16359
21983 22141 21984
22141 21983 22140
21984 22142 21985
22142 21984 22141
21992 22151 21993
22151 21992 22150
21993 22152 21994
22152 21993 22151
21998 22159 21999
22159 21998 22158
22000 22161 22001
22161 22000 22160
22004 22166 22005
22166 22004 22165
22147 21989 22146
21989 22147 21990
22149 21991 22148
21991 22149 22097
22097 22150 21992
22150 22097 22149
22148 21990 22147
21990 22148 21991
21986 22142 22143
22142 21986 21985
22154 21995 22153
21995 22154 21996
21997 22158 21998
22158 21997 22157
21999 22160 22000
22160 21999 22159
22165 22003 22164
22003 22165 22004
21982 22140 21983
22140 21982 22139
22212 22156 22211
22156 22212 22126
22002 22164 22003
22164 22002 22163
22138 21900 21905
21900 22138 21981
22167 22005 22166
22005 22167 22006
21988 22146 21989
22146 21988 22145
21987 22143 22144
22143 21987 21986
22126 22155 22156
22152 21995 21994
21995 22152 22153
22163 22117 22162
22117 22163 22002
21981 22139 21982
22139 21981 22138
22145 21987 22144
21987 22145 21988
21902 21900 21981
21982 22040 21981
21982 22041 22122
22041 21984 22042
21984 22041 21983
21985 22042 21984
22043 21985 21986
21985 22043 22042
22044 21986 21987
21986 22044 22043
21988 22044 21987
22044 21988 22045
22045 21989 22046
21989 22045 21988
21990 21991 22124
22097 22047 21991
22047 22097 22096
22096 21992 22048
21992 22096 22097
21992 22049 22048
22049 21992 21993
21993 22050 22049
22050 21993 21994
22051 21994 21995
21994 22051 22050
21996 22051 21995
22051 21996 22052
22126 22052 21996
22052 22126 22125
22125 22212 22213
22212 22125 22126
22053 21998 22054
21998 22053 21997
22054 21999 22055
21999 22054 21998
22055 22000 22056
22000 22055 21999
22000 22057 22056
22057 22000 22001
22059 22117 22002
22117 22059 22058
22059 22003 22060
22003 22059 22002
22004 22060 22003
22060 22004 22074
22005 22074 22004
22074 22005 22075
22007 22062 22119
22062 22007 22063
22132 22008 22064
22008 22132 22133
22064 22009 22065
22065 22010 22066
22010 22065 22009
22066 22010 22011
22067 22011 22012
22068 22067 22012
22014 22070 22069
22070 22014 22015
22070 22015 22016
22071 22016 22017
22071 22018 22072
22018 22071 22017
22386 22093 22092
22093 22386 22387
21954 22120 22098
21954 22098 22099
21954 22123 21955
22100 22101 21955
22101 22102 21955
22103 21956 21960
22103 22104 21956
21956 22104 22105
21956 22105 22106
22106 21963 21956
21957 21963 22107
22108 22109 21957
21957 22129 21959
22110 22111 21959
22111 21958 21959
22079 22115 22116
22121 22041 22019
22041 22121 22122
22042 22019 22041
22019 22043 22020
22020 22043 22044
22020 22044 22045
22046 22020 22045
22047 22021 22124
22095 22021 22047
22095 22048 22022
22048 22095 22096
22048 22023 22022
22023 22048 22049
22050 22024 22023
22024 22050 22051
22024 22051 22052
22125 22024 22052
22024 22125 22025
22053 22026 22213
22054 22026 22053
22055 22027 22054
22027 22056 22028
22056 22027 22055
22028 22057 22029
22057 22028 22056
22030 22057 22058
22057 22030 22029
22059 22030 22058
22060 22030 22059
22074 22030 22060
22030 22074 22073
22031 22073 22075
22062 22031 22061
22032 22062 22063
22131 22064 22033
22064 22131 22132
22064 22034 22033
22034 22064 22065
22066 22034 22065
22067 22035 22066
22036 22035 22067
22070 22037 22069
22038 22209 22071
22038 22072 22039
22072 22038 22071
22061 22031 22075
22075 22006 22061
22006 22075 22005
22050 22023 22049
21955 22123 22100
22112 22113 21958
22209 22038 22037
21959 21958 22076
21956 21963 22077
21955 21960 22078
22080 22076 22086
21955 22078 22081
21954 21955 22081
21956 22077 22078
21963 21957 22084
21899 21954 22085
22085 21903 21899
22086 21974 22080
21957 21959 22082
22076 22082 21959
22092 22094 22386
22084 21957 22082
22085 21954 22081
21958 22086 22076
22113 22086 21958
22072 22088 22087
22089 22072 22018
22072 22089 22088
21901 21902 22040
21902 21981 22040
21983 22041 21982
21990 22046 21989
22019 22120 22121
22120 22019 22098
22019 22099 22098
22099 22019 22020
22100 22021 22095
22022 22100 22095
22023 22100 22022
22023 22101 22100
22101 22023 22024
22101 22025 22102
22025 22101 22024
22027 22104 22026
22028 22104 22027
22029 22104 22028
22029 22105 22104
22105 22029 22030
22073 22105 22030
22105 22073 22106
22107 22106 22073
22108 22107 22031
22033 22109 22131
22034 22109 22033
22110 22129 22130
22036 22111 22035
22112 22135 22083
22037 22112 22083
22112 22038 22113
22038 22112 22037
22039 22113 22038
22087 22114 22039
22116 22115 22094
22095 22047 22096
22073 22031 22107
22108 22031 22032
22019 22042 22043
22058 22001 22117
22001 22058 22057
22117 22161 22162
22161 22117 22001
22031 22062 22032
22075 22073 22074
22061 22119 22062
22119 22061 22006
22006 22168 22119
21954 21899 21904
21904 21901 22120
21901 22040 22121
22122 22121 22040
21982 22122 22040
22099 22123 21954
22021 22123 22099
22020 22021 22099
22046 22021 22020
22046 22124 22021
21990 22124 22046
21996 22154 22155
21996 22155 22126
22054 22027 22026
22066 22035 22130
22109 22129 21957
22034 22129 22109
22066 22130 22034
22011 22067 22066
22108 22131 22109
22131 22108 22032
22032 22132 22131
22132 22032 22063
22063 22133 22132
22133 22063 22007
22064 22008 22009
22069 22037 22083
22111 22112 21958
22111 22135 22112
22135 22111 22036
22036 22136 22135
22136 22036 22068
22068 22137 22136
22137 22068 22013
22135 22069 22083
22069 22135 22136
22136 22014 22069
22014 22136 22137
22209 22016 22071
22124 21991 22047
21977 21905 21898
21905 21977 22138
22138 21978 22139
21978 22138 21977
22139 21936 22140
21936 22139 21978
22140 21922 22141
21922 22140 21936
22141 21943 22142
21943 22141 21922
21967 22142 21943
22142 21967 22143
21967 22144 22143
22144 21967 21965
21966 22144 21965
22144 21966 22145
21966 22146 22145
22146 21966 21964
21964 22147 22146
22147 21964 21923
22148 22208 21941
22149 22148 21941
22149 21942 22150
21942 22149 21937
22150 21925 22151
21925 22150 21942
22151 21924 22152
21924 22151 21925
21944 22152 21924
22152 21944 22153
21968 22153 21944
22153 21968 22154
21968 22155 22154
22155 21968 22128
22128 22156 22155
22156 22128 22127
22211 22127 22210
22127 22211 22156
21945 22158 22157
22158 21945 21938
22158 21946 22159
21946 22158 21938
22159 21927 22160
21927 22159 21946
22160 21926 22161
21926 22160 21927
22118 22161 21926
22161 22118 22162
21953 22162 22118
22162 21953 22163
21953 22164 22163
22164 21953 21947
21947 22165 22164
22165 21947 21932
21932 22166 22165
22166 21932 21948
21948 22167 22166
22167 21948 21961
21961 22169 22167
22170 22169 22171
22169 22170 22168
22173 22170 22171
22170 22173 22172
22175 22172 22173
22172 22175 22174
22176 22175 22177
22175 22176 22174
22178 22177 22179
22177 22178 22176
22181 22178 22179
22178 22181 22180
22183 22180 22181
22180 22183 22182
22185 22182 22183
22182 22185 22184
22186 22184 22185
22184 22186 22187
22189 22187 22186
22187 22189 22188
22191 22188 22189
22188 22191 22190
22193 22190 22191
22190 22193 22192
22195 22192 22193
22192 22195 22194
22194 22197 22196
22196 22197 22198
22196 22198 22199
22196 22199 22200
22203 22200 22201
22200 22203 22202
22205 22202 22203
22202 22205 22204
22378 22204 22205
22204 22378 22377
22206 22389 22207
22389 22206 22388
22133 22174 22008
22174 22133 22172
22014 22194 22015
22194 22014 22192
22017 22202 22018
22202 22017 22200
22009 22180 22010
22180 22009 22178
22187 22013 22012
22093 22388 22206
22388 22093 22387
22182 22010 22180
22010 22182 22011
22176 22178 22009
22137 22192 22014
22192 22137 22190
22184 22187 22012
22170 22119 22168
22119 22170 22007
22011 22184 22012
22184 22011 22182
22009 22174 22176
22174 22009 22008
22196 22015 22194
22015 22196 22016
22200 22016 22196
22016 22200 22017
22204 22018 22202
22018 22204 22089
22377 22089 22204
22089 22377 22376
22007 22172 22133
22172 22007 22170
22013 22190 22137
22190 22013 22188
22187 22188 22013
21962 22171 22169
22171 21962 21949
22171 22134 22173
22134 22171 21949
22173 21971 22175
21971 22173 22134
22175 21972 22177
21972 22175 21971
21972 22179 22177
22179 21972 21928
21928 22181 22179
22181 21928 21950
21950 22183 22181
22183 21950 21969
21969 22185 22183
22185 21969 21970
21970 22186 22185
22186 21970 21952
22186 21939 22189
21939 22186 21952
22189 21951 22191
21951 22189 21939
22191 21929 22193
21929 22191 21951
22193 21930 22195
21930 22193 21929
21980 22195 21930
22195 21980 22197
21976 22197 21980
22197 21976 22198
21976 22199 22198
22199 21976 21979
21979 22201 22199
22201 21979 21931
22201 21933 22203
21933 22201 21931
21933 22205 22203
22205 21933 21973
21934 22205 21973
22205 21934 22378
21934 22385 22378
22385 21934 21975
21935 22207 22389
22207 21935 21940
22168 22167 22169
22208 22147 21923
22148 22147 22208
22130 22129 22034
21962 22169 21961
22167 22168 22006
22012 22013 22068
22037 22070 22209
22070 22016 22209
22194 22195 22197
22200 22199 22201
22157 22210 21945
22210 22157 22211
21997 22211 22157
22211 21997 22212
22213 21997 22053
21997 22213 22212
21960 21955 22102
22026 22103 22025
22213 22026 22025
22102 22103 21960
22091 22115 22079
22116 22094 22092
22213 22025 22125
22149 21941 21937
22217 22259 40955
22214 22216 22219
22219 22216 22217
22251 22241 22252
22241 22251 22229
22224 22250 22249
22229 22240 22241
22240 22229 22227
22229 22251 22249
22238 22246 22247
22226 22230 22231
22244 22390 22218
22233 22243 22244
22231 22245 22225
22231 22230 22248
22233 22242 22243
22235 22236 40956
22236 22391 40956
22235 40956 40957
22237 22235 22234
22237 22233 22236
22235 22237 22236
22232 22222 22238
22222 22246 22238
22246 22222 22220
22220 22221 22239
22221 22241 22240
22241 22221 22254
22252 22241 22254
22238 22242 22232
22238 22243 22242
22243 22238 22230
22244 22243 22230
22230 22226 22244
22391 22218 40956
22247 22248 22230
22227 22239 22240
22239 22227 22228
22250 22224 22258
22239 22246 22220
22247 22246 22228
22228 22248 22247
22248 22228 22245
22231 22248 22245
22239 22221 22240
22255 22253 22256
22249 22223 22257
22228 22227 22250
22227 22249 22250
22249 22227 22229
22249 22251 22255
22230 22238 22247
22246 22239 22228
22245 22228 22250
22391 22236 22233
21908 22252 21909
22252 21908 22251
22251 21908 22255
22252 22254 21906
21909 22252 21906
22255 21910 21907
22255 21907 22253
22255 21908 21910
22256 22249 22255
22249 22256 22223
22224 22249 22257
22258 22245 22250
22245 22258 22225
22233 22237 22232
40955 22259 40958
22233 22232 22242
22271 22272 22276
40959 22283 22284
22266 40959 22284
40959 22266 22275
22269 22270 22278
40960 40961 22285
22275 40960 40959
40960 22275 22277
22330 22331 22303
22331 21919 21915
22303 21915 21918
22311 22304 22303
22281 22312 22313
22312 22281 40962
40962 22329 40963
22329 40962 22281
22284 22283 22273
40959 22285 40964
22286 22320 22321
22320 22286 22305
22286 22332 22305
22332 22286 22264
22322 40965 40966
40967 40965 22362
21916 22280 21913
40968 22274 40969
22280 22284 40970
21912 22284 21916
22284 21912 22266
40971 40972 22360
40972 40967 22361
22267 22268 22288
22295 40973 40974
40973 22295 22343
22343 22289 40973
22289 22343 22342
22339 22340 22290
22340 22339 22341
22338 22341 22339
22341 22338 22291
22354 22292 22291
40975 40976 22357
22344 40977 22345
40977 22344 40978
40979 22287 22346
22293 22334 22333
22306 22317 22318
22317 22306 22298
22294 40980 22319
40980 22294 40981
40981 22323 22324
22323 40981 22294
40982 22298 22306
22325 22299 22298
22298 22316 22317
22316 22298 22299
40983 22315 40984
22315 40983 22307
22307 22326 22327
22326 22307 40983
22328 40985 22308
22314 40985 40986
40985 22314 22308
40987 22314 40988
22314 40987 22308
40987 40989 22308
22266 21917 22302
21917 22266 21912
22275 22302 22309
22302 22275 22266
22277 22309 22296
22309 22277 22275
22310 22289 22342
40976 40990 22358
40990 40971 22359
21918 22280 22311
22280 21918 21913
22280 40991 22311
40991 22280 40970
22274 22313 22312
22313 22274 40968
22283 40986 22273
40986 22283 22314
40984 22272 22271
22272 40984 22315
22285 22316 40964
22316 22285 22317
22317 40961 22318
40961 22317 22285
22319 22270 22269
22270 22319 40980
22268 22321 22320
22321 22268 22267
22322 40966 40992
22324 22262 22297
22262 22324 22323
22263 40982 40993
22263 22261 40994
22327 40995 22300
40995 22327 22326
40989 40996 22301
22301 22260 40997
40963 40998 22282
40998 40963 22329
22330 40999 22279
22279 21911 21919
40977 40979 22333
22264 41000 22332
41001 22314 22283
22314 41001 40988
41002 22333 22334
41003 22345 22333
22345 41004 22344
41004 22345 41003
41004 22295 22344
22295 41004 41005
41005 22343 22295
22343 41005 40960
40974 22344 22295
22344 40974 40978
22292 22310 22372
40959 41001 22283
21916 22284 22280
40960 22285 40959
22369 22336 22335
22362 22322 22369
22360 22361 22367
22361 22362 22368
40992 22336 22322
21917 21914 22356
22302 22356 22309
22309 22355 22296
22340 21914 21920
22342 22372 22310
22296 22342 22277
41006 22369 41007
22342 40960 22277
40960 22342 22343
41002 22334 41008
22293 22333 40979
22265 22352 40975
22348 22290 22347
22290 22348 22339
22349 22339 22348
22339 22349 22338
22350 22338 22349
22338 22350 22337
22352 22265 22353
22347 21920 21921
21920 22347 22290
22337 22350 22351
22352 41009 41010
22351 22371 22352
22351 22352 22370
22355 22341 22291
22355 22340 22341
22340 22355 22356
21914 22340 22356
21917 22356 22302
22355 22291 22296
22359 22360 22366
22359 22365 22358
22357 22358 22364
22265 22357 22363
22351 22370 22337
22337 22353 22354
22363 22354 22353
22354 22363 22292
22310 22363 22364
22363 22310 22292
22310 22365 22289
22365 22310 22364
22289 22366 40973
22366 22289 22365
22367 40973 22366
40973 22367 41011
41011 22368 41012
22368 41011 22367
41012 22369 41006
22369 41012 22368
22370 22353 22337
22352 22353 22370
22369 22322 22336
22371 41009 22352
22352 41010 40975
40979 22346 22293
22369 22335 41007
22265 40975 22357
22357 40976 22358
22358 40990 22359
22359 40971 22360
22360 40972 22361
22361 40967 22362
22322 22362 40965
22353 22265 22363
22363 22357 22364
22365 22364 22358
22359 22366 22365
22366 22360 22367
22361 22368 22367
22362 22369 22368
22338 22354 22291
22354 22338 22337
22372 22296 22291
22342 22296 22372
22292 22372 22291
22303 22304 22330
40989 22328 22308
22328 40997 40985
22325 40994 22299
40982 22325 22298
41003 22333 41002
40977 22333 22345
22331 21915 22303
22263 22325 40982
22263 40994 22325
40989 22301 22328
22301 40997 22328
22330 22279 22331
22279 21919 22331
22303 21918 22311
22311 40991 22304
22356 22355 22309
22340 21920 22290
22217 22216 22259
22114 21974 22086
22087 22374 22373
22375 22374 22088
22088 22376 22375
22376 22088 22089
22379 22090 22392
22380 22379 22373
22380 22374 22381
22374 22382 22381
22382 22374 22375
22375 22383 22382
22383 22375 22376
22384 22376 22377
22376 22384 22383
22385 22377 22378
22377 22385 22384
22218 41013 40956
22215 22216 41014
41015 22216 22215
41015 22259 22216
22379 40958 22259
22259 22090 22379
22091 22379 22380
22115 22380 22381
22381 22386 22094
22386 22381 22382
22382 22387 22386
22387 22382 22383
22383 22388 22387
22388 22383 22384
22384 22389 22388
22389 22384 22385
21975 22389 22385
22389 21975 21935
22244 22226 22390
22233 22244 22391
22244 22218 22391
21974 22392 22080
22379 22392 21974
22612 22454 22455
22454 22612 22611
22613 22455 22456
22455 22613 22612
22622 22463 22464
22463 22622 22621
22623 22464 22465
22464 22623 22622
22630 22469 22470
22469 22630 22629
22632 22471 22472
22471 22632 22631
22637 22475 22476
22475 22637 22636
22618 22460 22461
22460 22618 22617
22620 22462 22568
22462 22620 22619
22621 22568 22463
22568 22621 22620
22461 22619 22618
22619 22461 22462
22613 22457 22614
22457 22613 22456
22625 22466 22467
22466 22625 22624
22629 22468 22469
22468 22629 22628
22631 22470 22471
22470 22631 22630
22636 22474 22475
22474 22636 22635
22611 22453 22454
22453 22611 22610
22683 22627 22597
22627 22683 22682
22635 22473 22474
22473 22635 22634
22609 21900 22452
21900 22609 21905
22638 22476 22477
22476 22638 22637
22617 22459 22460
22459 22617 22616
22614 22458 22615
22458 22614 22457
22597 22627 22626
22623 22466 22624
22466 22623 22465
22588 22634 22633
22634 22588 22473
22610 22452 22453
22452 22610 22609
22616 22458 22459
22458 22616 22615
21902 22452 21900
22453 22452 22511
22453 22593 22512
22512 22455 22454
22455 22512 22513
22456 22455 22513
22456 22514 22457
22514 22456 22513
22457 22515 22458
22515 22457 22514
22459 22515 22516
22515 22459 22458
22516 22460 22459
22460 22516 22517
22461 22595 22462
22568 22518 22567
22518 22568 22462
22567 22463 22568
22463 22567 22519
22520 22463 22519
22463 22520 22464
22521 22464 22520
22464 22521 22465
22465 22522 22466
22522 22465 22521
22467 22522 22523
22522 22467 22466
22597 22523 22596
22523 22597 22467
22596 22683 22597
22683 22596 22684
22524 22469 22468
22469 22524 22525
22525 22470 22469
22470 22525 22526
22526 22471 22470
22471 22526 22527
22528 22471 22527
22471 22528 22472
22588 22530 22473
22530 22588 22529
22530 22474 22473
22474 22530 22531
22475 22531 22545
22531 22475 22474
22545 22476 22475
22476 22545 22546
22478 22533 22534
22533 22478 22590
22603 22479 22604
22479 22603 22535
22535 22536 22480
22536 22481 22480
22481 22536 22537
22537 22482 22481
22538 22483 22482
22483 22538 22539
22541 22485 22540
22485 22541 22486
22541 22487 22486
22542 22488 22487
22542 22489 22488
22489 22542 22543
22857 22564 22858
22564 22857 22563
22425 22569 22591
22425 22570 22569
22425 22426 22594
22571 22426 22572
22572 22426 22573
22574 22431 22427
22574 22427 22575
22427 22576 22575
22427 22577 22576
22577 22434 22578
22428 22579 22578
22579 22428 22580
22430 22581 22600
22581 22430 22582
22582 22430 22429
22550 22587 22586
22592 22512 22593
22512 22592 22490
22513 22512 22490
22490 22491 22514
22491 22515 22514
22491 22516 22515
22517 22516 22491
22518 22595 22492
22566 22518 22492
22566 22519 22567
22519 22566 22493
22494 22519 22493
22519 22494 22520
22521 22494 22495
22495 22522 22521
22495 22523 22522
22495 22596 22523
22596 22495 22496
22524 22684 22497
22525 22524 22497
22526 22525 22498
22498 22527 22526
22527 22498 22499
22499 22528 22527
22528 22499 22500
22528 22501 22529
22501 22528 22500
22530 22529 22501
22531 22530 22501
22545 22501 22544
22501 22545 22531
22502 22546 22544
22533 22532 22502
22503 22534 22533
22602 22535 22603
22535 22602 22504
22535 22505 22536
22505 22535 22504
22537 22536 22505
22538 22537 22506
22539 22538 22507
22541 22540 22508
22509 22542 22680
22509 22543 22542
22543 22509 22510
22532 22546 22502
22477 22546 22532
22546 22477 22476
22521 22520 22494
22426 22571 22594
22583 22429 22584
22680 22508 22509
22547 22429 22430
22427 22548 22434
22426 22549 22431
22557 22547 22551
22426 22552 22549
22425 22552 22426
22431 22549 22427
22434 22548 22555
22556 22425 21899
21899 21903 22556
22551 22445 22557
22428 22553 22430
22430 22553 22547
22563 22857 22565
22555 22553 22428
22556 22552 22425
22429 22547 22557
22584 22557 22585
22510 22558 22543
22560 22543 22559
22543 22560 22489
21901 22511 21902
21902 22511 22452
22454 22453 22512
22461 22460 22517
22490 22591 22569
22591 22490 22592
22490 22570 22491
22570 22490 22569
22571 22492 22594
22493 22566 22571
22494 22493 22571
22572 22494 22571
22494 22572 22495
22572 22496 22495
22496 22572 22573
22497 22574 22575
22499 22498 22575
22500 22499 22575
22500 22576 22501
22576 22500 22575
22576 22544 22501
22544 22576 22577
22544 22577 22578
22579 22502 22578
22504 22602 22580
22505 22504 22580
22506 22601 22581
22506 22581 22582
22583 22554 22606
22508 22554 22583
22583 22509 22508
22509 22583 22584
22510 22509 22584
22510 22584 22585
22587 22565 22586
22566 22567 22518
22578 22502 22544
22579 22503 22502
22490 22514 22513
22472 22529 22588
22529 22472 22528
22632 22588 22633
22588 22632 22472
22502 22503 22533
22546 22545 22544
22590 22532 22533
22532 22590 22477
22477 22590 22639
22425 21904 21899
21904 22591 21901
21901 22592 22511
22593 22511 22592
22453 22511 22593
22570 22425 22594
22492 22570 22594
22491 22570 22492
22517 22491 22492
22517 22492 22595
22461 22517 22595
22467 22626 22625
22467 22597 22626
22525 22497 22498
22537 22601 22506
22580 22428 22600
22505 22580 22600
22537 22505 22601
22482 22537 22538
22579 22602 22503
22602 22579 22580
22503 22603 22534
22603 22503 22602
22534 22604 22478
22604 22534 22603
22535 22480 22479
22540 22554 22508
22582 22429 22583
22606 22582 22583
22582 22606 22507
22607 22507 22606
22507 22607 22539
22608 22539 22607
22539 22608 22484
22606 22540 22607
22540 22606 22554
22607 22485 22608
22485 22607 22540
22680 22542 22487
22595 22518 22462
21905 22448 21898
22448 21905 22609
22609 22449 22448
22449 22609 22610
22610 22407 22449
22407 22610 22611
22611 22393 22407
22393 22611 22612
22612 22414 22393
22414 22612 22613
22613 22438 22414
22438 22613 22614
22438 22615 22436
22615 22438 22614
22615 22437 22436
22437 22615 22616
22617 22437 22616
22437 22617 22435
22435 22618 22394
22618 22435 22617
22619 22412 22679
22620 22412 22619
22620 22413 22408
22413 22620 22621
22621 22396 22413
22396 22621 22622
22622 22395 22396
22395 22622 22623
22415 22623 22624
22623 22415 22395
22624 22439 22415
22439 22624 22625
22439 22626 22599
22626 22439 22625
22599 22627 22598
22627 22599 22626
22682 22598 22627
22598 22682 22681
22629 22416 22628
22416 22629 22409
22629 22417 22409
22417 22629 22630
22630 22398 22417
22398 22630 22631
22631 22397 22398
22397 22631 22632
22632 22589 22397
22589 22632 22633
22633 22424 22589
22424 22633 22634
22635 22424 22634
22424 22635 22418
22418 22636 22403
22636 22418 22635
22637 22403 22636
22403 22637 22419
22419 22638 22432
22638 22419 22637
22432 22638 22640
22640 22641 22642
22641 22640 22639
22644 22641 22643
22641 22644 22642
22646 22643 22645
22643 22646 22644
22646 22647 22648
22647 22646 22645
22648 22649 22650
22649 22648 22647
22652 22649 22651
22649 22652 22650
22654 22651 22653
22651 22654 22652
22656 22653 22655
22653 22656 22654
22657 22655 22658
22655 22657 22656
22660 22658 22659
22658 22660 22657
22662 22659 22661
22659 22662 22660
22664 22661 22663
22661 22664 22662
22666 22663 22665
22663 22666 22664
22665 22667 22668
22667 22669 22668
22667 22670 22669
22667 22671 22670
22674 22671 22673
22671 22674 22672
22676 22673 22675
22673 22676 22674
22849 22675 22848
22675 22849 22676
22860 22677 22678
22677 22860 22859
22645 22604 22479
22604 22645 22643
22665 22485 22486
22485 22665 22663
22673 22488 22489
22488 22673 22671
22651 22480 22481
22480 22651 22649
22658 22483 22484
22564 22859 22858
22859 22564 22677
22653 22481 22482
22481 22653 22651
22647 22480 22649
22663 22608 22485
22608 22663 22661
22655 22483 22658
22641 22590 22478
22590 22641 22639
22655 22482 22483
22482 22655 22653
22480 22645 22479
22645 22480 22647
22667 22486 22487
22486 22667 22665
22487 22671 22667
22671 22487 22488
22675 22489 22560
22489 22675 22673
22560 22848 22675
22848 22560 22847
22643 22478 22604
22478 22643 22641
22661 22484 22608
22484 22661 22659
22658 22484 22659
22433 22642 22420
22642 22433 22640
22642 22605 22420
22605 22642 22644
22442 22644 22646
22644 22442 22605
22646 22443 22442
22443 22646 22648
22650 22443 22648
22443 22650 22399
22652 22399 22650
22399 22652 22421
22421 22654 22440
22654 22421 22652
22656 22440 22654
22440 22656 22441
22657 22441 22656
22441 22657 22423
22657 22410 22423
22410 22657 22660
22660 22422 22410
22422 22660 22662
22400 22662 22664
22662 22400 22422
22664 22401 22400
22401 22664 22666
22666 22451 22401
22451 22666 22668
22668 22447 22451
22447 22668 22669
22670 22447 22669
22447 22670 22450
22450 22672 22402
22672 22450 22670
22672 22404 22402
22404 22672 22674
22404 22676 22444
22676 22404 22674
22676 22405 22444
22405 22676 22849
22405 22856 22446
22856 22405 22849
22406 22678 22411
22678 22406 22860
22639 22640 22638
22679 22394 22618
22619 22679 22618
22601 22505 22600
22433 22432 22640
22638 22477 22639
22539 22484 22483
22508 22680 22541
22541 22680 22487
22665 22668 22666
22671 22672 22670
22681 22628 22416
22628 22681 22682
22682 22468 22628
22468 22682 22683
22684 22468 22683
22468 22684 22524
22573 22426 22431
22496 22573 22574
22684 22496 22497
22431 22574 22573
22562 22550 22586
22587 22563 22565
22684 22596 22496
22620 22408 22412
22688 41016 22730
22685 22690 22687
22690 22688 22687
22712 22722 22723
22722 22712 22700
22695 22720 22721
22711 22700 22712
22700 22711 22698
22700 22720 22722
22709 22718 22717
22697 22702 22701
22715 22689 22861
22704 22715 22714
22702 22696 22716
22702 22719 22701
22704 22714 22713
22706 41017 22707
22707 41017 22862
22706 41018 41017
22708 22705 22706
22708 22707 22704
22706 22707 22708
22703 22709 22693
22717 22693 22709
22693 22717 22691
22691 22710 22692
22692 22712 22725
22712 22692 22711
22723 22725 22712
22709 22703 22713
22709 22714 22701
22714 22709 22713
22715 22701 22714
22701 22715 22697
22862 41017 22689
22718 22701 22719
22710 22698 22711
22698 22710 22699
22721 22729 22695
22710 22691 22717
22718 22699 22717
22719 22699 22718
22699 22719 22716
22702 22716 22719
22710 22711 22692
22726 22727 22724
22720 22728 22694
22699 22721 22698
22698 22720 22700
22720 22698 22721
22720 22726 22722
22701 22718 22709
22717 22699 22710
22716 22721 22699
22862 22704 22707
22723 21908 21909
21908 22723 22722
22722 22726 21908
22723 21906 22725
21909 21906 22723
22726 21907 21910
22726 22724 21907
22726 21910 21908
22727 22720 22694
22720 22727 22726
22695 22728 22720
22716 22729 22721
22729 22716 22696
22704 22703 22708
41016 41019 22730
22704 22713 22703
22742 22747 22743
41020 22755 22754
41020 22737 22755
22737 41020 22746
22740 22749 22741
41021 22756 41022
41021 22746 41020
22746 41021 22748
22801 22774 22802
22802 21915 21919
22774 21918 21915
22782 22774 22775
22752 22783 41023
22783 22752 22784
41023 22800 22752
22800 41023 41024
22755 22744 22754
41020 41025 22756
22757 22791 22776
22791 22757 22792
22803 22757 22776
22757 22803 22735
22793 41026 41027
41028 22833 41027
21916 21913 22751
41029 41030 22745
22751 41031 22755
22755 21912 21916
21912 22755 22737
41032 22831 41033
41033 22832 41028
22738 22759 22739
22766 41034 22814
41034 22766 41035
22814 22760 22813
22760 22814 41034
22811 22810 22761
22810 22811 22812
22812 22809 22810
22809 22812 22762
22825 22762 22763
41036 22828 41037
41038 22815 22816
22815 41038 41039
41040 22817 22758
22764 22804 22805
22777 22788 22769
22788 22777 22789
22765 41041 41042
41041 22765 22790
41042 22794 22765
22794 41042 22795
41043 22777 22769
22796 22769 22770
22787 22769 22788
22769 22787 22770
41044 22786 22778
22786 41044 41045
22778 22797 41044
22797 22778 22798
22799 22779 41046
22785 41046 22779
41046 22785 41047
41048 22785 22779
22785 41048 41049
41048 22779 41050
22737 21917 21912
21917 22737 22773
22746 22773 22737
22773 22746 22780
22748 22780 22746
22780 22748 22767
22781 22813 22760
41037 22829 41051
41051 22830 41032
22751 21918 22782
21918 22751 21913
41052 22751 22782
22751 41052 41031
22784 22745 22783
22745 22784 41029
41047 22754 22744
22754 41047 22785
41045 22743 22786
22743 41045 22742
22787 22756 41025
22756 22787 22788
22788 41022 22756
41022 22788 22789
22790 22741 41041
22741 22790 22740
22792 22739 22791
22739 22792 22738
22793 41053 41026
22795 22733 22794
22733 22795 22768
22734 41054 41043
22734 41055 22732
22798 41056 22797
41056 22798 22771
41050 22772 41057
22772 41058 22731
41024 41059 22800
41059 41024 22753
22801 22750 41060
22750 21919 21911
41038 22804 41040
22735 22803 41061
41062 22785 41049
22785 41062 22754
41063 22805 22804
41064 22804 22816
22816 41065 41064
41065 22816 22815
22766 41065 22815
41065 22766 41066
22814 41066 22766
41066 22814 41021
22815 41035 22766
41035 22815 41039
22763 22843 22781
41020 22754 41062
21916 22751 22755
41021 41020 22756
22840 22806 22807
22833 22840 22793
22831 22838 22832
22832 22839 22833
41053 22793 22807
21917 22827 21914
22773 22780 22827
22780 22767 22826
22811 21920 21914
22813 22781 22843
22767 22748 22813
41067 41068 22840
22813 41021 22814
41021 22813 22748
41063 41069 22805
22764 41040 22804
22736 41036 22823
22819 22761 22810
22761 22819 22818
22820 22810 22809
22810 22820 22819
22821 22809 22808
22809 22821 22820
22823 22824 22736
22818 21920 22761
21920 22818 21921
22808 22822 22821
22823 41070 41071
22822 22823 22842
22822 22841 22823
22826 22762 22812
22811 22826 22812
22826 22811 22827
21914 22827 22811
21917 22773 22827
22826 22767 22762
22830 22837 22831
22830 22829 22836
22828 22835 22829
22736 22834 22828
22822 22808 22841
22808 22825 22824
22834 22825 22763
22825 22834 22824
22834 22781 22835
22781 22834 22763
22781 22836 22835
22836 22781 22760
22760 22837 22836
22837 22760 41034
22838 41034 41072
41034 22838 22837
41072 22839 22838
22839 41072 41073
41073 22840 22839
22840 41073 41067
22841 22808 22824
22823 22841 22824
22840 22807 22793
22842 22823 41071
22823 41036 41070
41040 22764 22817
22840 41068 22806
22736 22828 41036
22828 22829 41037
22829 22830 41051
22830 22831 41032
22831 22832 41033
22832 22833 41028
22793 41027 22833
22824 22834 22736
22834 22835 22828
22836 22829 22835
22830 22836 22837
22837 22838 22831
22832 22838 22839
22833 22839 22840
22825 22809 22762
22809 22825 22808
22843 22762 22767
22813 22843 22767
22763 22762 22843
22774 22801 22775
41050 22779 22799
22799 41046 41058
22796 22770 41055
41043 22769 22796
41064 41063 22804
41038 22816 22804
22802 22774 21915
22734 41043 22796
22734 22796 41055
41050 22799 22772
22772 22799 41058
22801 22802 22750
22750 22802 21919
22774 22782 21918
22782 22775 41052
22827 22780 22826
22811 22761 21920
22688 22730 22687
22585 22445 22844
22558 22585 22844
22559 22558 22845
22559 22847 22560
22847 22559 22846
22850 22863 22561
22844 22445 22850
22851 22845 22844
22845 22853 22846
22853 22845 22852
22846 22854 22847
22854 22846 22853
22855 22847 22854
22847 22855 22848
22848 22856 22849
22856 22848 22855
22689 41017 41074
22686 41075 22687
41076 22686 22687
41076 22687 22730
22730 41019 22850
22850 22561 22730
22586 22851 22562
22565 22852 22586
22852 22857 22853
22857 22852 22565
22853 22858 22854
22858 22853 22857
22854 22859 22855
22859 22854 22858
22855 22860 22856
22860 22855 22859
22860 22446 22856
22446 22860 22406
22715 22861 22697
22704 22862 22715
22715 22862 22689
22445 22551 22863
22850 22445 22863
16030 16046 16113
16219 16153 16152
16051 16050 16113
16219 16155 16156
16132 36108 16207
16101 36074 36075
16024 36073 36074
16131 36107 16130
16004 41077 36073
36106 41077 16004
16031 16024 16025
16140 16131 16137
16005 16004 16024
16130 16004 16005
16032 16034 16035
16138 16140 16137
16006 16005 16031
16006 16137 16005
16035 16037 16033
16141 16138 16139
16102 16101 16026
16142 16132 16208
16102 16036 16103
16209 16144 16142
16038 16104 16103
16144 16210 16158
16036 16105 16106
16142 16211 16132
16107 16038 16106
16212 16142 16144
16105 36081 16106
16039 16107 16106
16212 16145 36113
16145 16213 36115
16109 16108 16049
16049 16108 16111
16156 16155 16215
16217 16135 16214
16119 16118 16125
36105 36120 16120
16134 16127 16133
16125 16118 16124
16124 16117 16123
16003 16002 16010
16116 16002 16003
16017 16010 16011
16018 16011 16012
16019 16012 16013
36072 36085 16014
16100 16099 16021
16099 16100 16015
16022 16015 16016
16100 36089 36069
16015 36069 36070
16016 36070 36091
16027 41078 36076
36082 16027 16028
16098 16029 16042
16098 16097 16041
16114 16115 16023
36071 16114 36091
16114 16044 16115
36083 16041 16043
16097 16096 16043
16096 16097 16042
16048 16095 16096
16054 16043 16096
16043 36084 36083
16110 16056 16109
16109 16048 16108
16118 36095 16117
16119 36096 16118
16117 36094 16116
36093 16002 16116
36063 16010 16002
36064 16011 16010
16011 36064 36065
16012 36065 36066
16102 16034 16101
16035 16102 16103
16207 16131 16140
16141 16208 16140
16104 16037 16103
16209 16141 16143
16146 16147 36114
16149 36116 16160
16202 16149 16160
16203 16147 16149
16154 16148 16202
16154 16201 16162
16215 16154 16162
16204 16203 16148
16214 16148 16154
16204 16134 16147
36114 16147 16134
16206 16120 36120
16128 16121 16205
16121 36099 16206
36122 16122 16128
16122 36122 16220
16221 41079 16150
36102 16220 16150
16220 36103 16122
16122 36101 16121
21954 21904 22120
22425 22591 21904
22104 22103 22026
22498 22497 22575
22100 22123 22021
22571 22566 22492
21901 22121 22120
22591 22592 21901
22103 22102 22025
22497 22496 22574
22035 22110 22130
22601 22600 22581
22111 22110 22035
22507 22506 22582
22129 22110 21959
22428 22430 22600
21960 21956 22078
22549 22548 22427
21963 22084 22077
22434 22555 22428
21957 22107 22108
22428 22578 22434
22106 22107 21963
22577 22427 22434
22068 22036 22067
22538 22506 22507
22114 22373 21974
22585 22557 22445
22113 22114 22086
22584 22429 22557
22087 22373 22114
22558 22844 22845
22374 22087 22088
22846 22559 22845
22114 22113 22039
22558 22510 22585
22039 22072 22087
22558 22559 22543
22379 21974 22373
22851 22844 22850
22115 22091 22380
22851 22850 22562
22380 22373 22374
22851 22852 22845
22094 22115 22381
22852 22851 22586
23538 23550 23548
23549 23548 23550
23548 23549 23546
23551 23562 23557
23551 23557 23549
23546 23557 23552
23557 23546 23549
23557 23563 23552
23558 23560 23556
23555 23554 23558
23554 23555 23544
23558 23551 23555
23558 23561 23551
23566 23550 23565
23550 23566 23549
23544 23559 23564
23559 23544 23555
23566 23551 23549
23543 23560 23554
23554 23560 23558
23556 23561 23558
23551 23561 23545
23545 23562 23551
23557 23562 23553
23553 23563 23557
23552 23563 23547
23566 23559 23555
23555 23551 23566
23540 23578 23542
23578 23540 23577
23578 23584 23542
23577 23575 23578
23575 23577 23571
23575 23583 23578
23572 23571 23577
23541 41423 23572
23541 23577 23540
41424 23569 41425
23569 41424 23573
23573 41424 41426
23568 41427 23574
41427 23568 23570
23569 41427 41425
41427 23569 23574
23585 41428 23586
41428 23585 41429
23586 41430 23587
41430 23586 41428
41431 23580 23587
23541 23572 23577
41431 41432 23580
23575 41433 23583
23578 23583 23576
23578 23576 23584
23542 23584 23539
41434 41435 23581
41435 41434 41436
23581 41437 23582
41437 23581 41435
41437 23579 23582
23579 41437 41438
41436 41434 41439
41440 23586 41441
23586 41440 23585
41441 23587 41442
23587 41441 23586
23580 41442 23587
41431 23587 41430
23607 23596 23610
23601 23592 23606
23592 23601 23600
23606 23590 23599
23590 23606 23592
23608 23611 23597
23566 23565 23559
23602 23606 23607
23606 23602 23601
23607 23599 23597
23599 23607 23606
23600 23604 23603
23604 23600 23601
23601 23605 23604
23605 23601 23602
23602 23591 23609
23603 23598 23589
23598 23603 23604
23604 23594 23598
23594 23604 23605
23605 23588 23594
23588 23605 23595
23595 23605 23609
23605 23602 23609
23602 23610 23591
23602 23607 23610
23611 23596 23607
23611 23607 23597
23612 41443 23613
41443 23612 41444
41445 23615 23614
23615 41445 41446
41443 23614 23613
23614 41443 41445
23616 41447 23617
41447 23616 41448
41447 23618 23617
23618 41447 41449
41449 23619 23618
23619 41449 41450
41451 41452 41453
41452 41451 41454
41454 41455 41452
41455 41454 41456
41457 23620 41456
23620 41458 41455
23620 41455 41456
23538 23567 23550
23567 23565 23550
23559 23565 23567
23559 23567 23621
23564 23559 23621
41459 23619 41450
41451 41453 41460
41444 23612 41461
23603 23589 41462
23622 23592 23600
23622 23590 23592
23603 41462 23593
23600 23603 23593
23623 23622 23600
23600 23593 23623
41463 23629 23631
23630 23629 23627
23629 23630 23631
23632 23638 23643
23632 23630 23638
23627 23638 23630
23638 23627 23633
23638 23633 23644
23639 23637 23641
23636 23635 23625
23635 23636 23639
23639 23636 23632
23639 23632 23642
23647 23631 23630
23631 23647 23646
23625 23640 23636
23640 23625 23645
23647 23630 23632
23624 23635 23641
23635 23639 23641
23637 23639 23642
23632 23626 23642
23626 23632 23643
23638 23634 23643
23634 23638 23644
23633 23628 23644
23647 23636 23640
23636 23647 23632
23659 23540 23542
23540 23659 23658
23659 23542 23665
23656 23658 23659
23658 23656 23652
23656 23659 23664
23653 23658 23652
23541 23653 41423
23541 23540 23658
41464 23650 23654
23650 41464 41465
23654 41466 41464
41467 23649 23655
23649 41467 23651
41467 23650 41465
23650 41467 23655
23666 41468 41469
41468 23666 23667
23667 41470 41468
41470 23667 23668
41471 23668 23661
23541 23658 23653
41471 23661 41472
23656 23664 41473
23659 23657 23664
23659 23665 23657
23542 23539 23665
41474 41475 41476
41475 41474 23662
23662 41477 41475
41477 23662 23663
23660 41477 23663
41477 23660 41478
41476 41479 41474
41480 23667 23666
23667 41480 41481
41481 23668 23667
23668 41481 41482
23661 23668 41482
41471 41470 23668
23688 23691 23677
23682 23673 23681
23673 23682 23687
23687 23671 23673
23671 23687 23680
23689 23678 23692
23647 23640 23646
23683 23687 23682
23687 23683 23688
23688 23680 23687
23680 23688 23678
23685 23681 23684
23681 23685 23682
23686 23682 23685
23682 23686 23683
23683 23690 23672
23679 23684 23670
23684 23679 23685
23675 23685 23679
23685 23675 23686
23669 23686 23675
23686 23669 23676
23676 23690 23686
23686 23690 23683
23683 23672 23691
23683 23691 23688
23692 23688 23677
23692 23678 23688
23693 41483 41484
41483 23693 23694
23696 41485 23695
41485 23696 41486
23695 41483 23694
41483 23695 41485
23697 41487 41488
41487 23697 23698
23699 41487 23698
41487 23699 41489
23700 41489 23699
41489 23700 41490
41491 41492 41493
41492 41491 41494
41495 41494 41491
41494 41495 41496
41497 41496 23701
23701 41495 41498
23701 41496 41495
41463 23631 23648
23648 23631 23646
23640 23648 23646
23640 23702 23648
23645 23702 23640
41499 41490 23700
41492 41500 41493
41484 41501 23693
23684 41502 23670
23703 23681 23673
23703 23673 23671
23684 23674 41502
23681 23674 23684
23704 23681 23703
23681 23704 23674
23793 23780 23823
23785 23797 23788
23788 23798 23781
23783 23789 23796
23784 23792 23790
23789 23794 23825
23790 23788 23793
23788 23790 23785
23792 23785 23790
23788 23791 23793
23791 23788 23781
23780 23793 23791
23792 23778 23826
23784 23778 23792
23784 23790 23793
23794 23789 23792
23789 23782 23795
23777 23787 23795
23795 23787 23789
23789 23787 23796
23789 23783 23785
23783 23797 23785
23788 23797 23786
23786 23798 23788
23781 23798 23779
23801 41615 23802
23803 23800 23822
23801 23803 23804
23803 23801 23802
23806 23810 23817
23812 23820 23815
23815 23821 23813
23816 23819 23812
23810 23824 23809
23807 23815 23813
23815 23807 23817
23809 23816 23812
23816 23809 23818
23817 23810 23809
23817 23812 23815
23812 23817 23809
23811 23819 23816
23812 23819 23808
23808 23820 23812
23815 23820 23814
23814 23821 23815
23813 23821 23805
41616 41617 41618
41617 41616 41619
41616 41618 41620
41617 23799 41621
23799 41617 41619
23822 41622 23804
23803 23822 23804
23806 23817 23807
41623 41624 41625
41624 41623 41626
41627 41625 41628
41625 41627 41623
41627 41628 41629
23784 23793 23823
23824 23818 23809
23824 23780 23818
23782 23789 23825
23794 23792 23826
23792 23789 23785
23843 23873 23830
23835 23838 23847
23838 23831 23848
23833 23846 23839
23834 23840 23842
23839 23875 23844
23840 23838 23835
23838 23840 23843
23842 23840 23835
23838 23841 23831
23841 23838 23843
23830 23841 23843
23842 23876 23828
23834 23842 23828
23834 23843 23840
23844 23842 23839
23839 23845 23832
23827 23845 23837
23845 23839 23837
23839 23846 23837
23839 23835 23833
23833 23835 23847
23838 23836 23847
23836 23838 23848
23831 23829 23848
23851 23852 41630
23853 23872 23850
23851 23853 23852
23853 23851 23854
23856 23867 23860
23862 23865 23870
23865 23863 23871
23866 23862 23869
23860 23859 23874
23865 23857 23863
23857 23865 23867
23859 23866 23868
23866 23859 23862
23867 23859 23860
23862 23867 23865
23867 23862 23859
23861 23866 23869
23862 23858 23869
23858 23862 23870
23865 23864 23870
23864 23865 23871
23863 23855 23871
41631 41632 41633
41632 41631 41634
41632 41635 41633
41631 23849 41634
23849 41631 41636
23872 23854 41637
23853 23854 23872
23856 23857 23867
41638 41639 41640
41639 41638 41641
41640 41642 41643
41642 41640 41639
41642 41644 41643
23834 23873 23843
23874 23859 23868
23874 23868 23830
23832 23875 23839
23844 23876 23842
23842 23835 23839
