byte offset: 0
first index: 0
index count: 11724
topology: trianglelist
format: DXGI_FORMAT_R16_UINT

0 1 2
0 3 1
3 0 4
5 1 3
1 5 6
4 7 3
7 4 8
3 9 5
9 3 7
10 7 8
10 11 7
11 9 7
12 11 10
5 13 6
14 6 13
6 14 15
6 15 16
16 2 1
1 6 16
13 5 17
9 17 5
17 9 18
11 18 9
18 11 19
20 19 11
12 20 11
21 20 12
19 20 22
23 22 20
21 23 20
24 23 21
23 24 25
26 25 24
25 26 27
28 27 26
27 28 29
30 29 28
29 30 31
32 31 30
30 33 32
28 34 30
28 35 34
35 28 36
28 26 36
34 37 30
37 38 30
38 33 30
26 39 36
24 39 26
24 40 39
21 41 40
12 41 21
41 12 42
10 42 12
42 10 43
8 43 10
43 8 44
45 44 8
44 45 46
24 21 40
8 4 45
47 45 4
45 47 48
49 48 47
48 49 50
51 48 50
52 51 50
51 52 53
54 53 52
53 54 55
48 51 56
56 45 48
45 56 46
57 55 54
55 57 58
59 50 49
50 59 52
60 57 54
60 52 59
52 60 54
57 60 61
62 58 57
61 62 57
58 62 63
64 63 62
63 64 65
66 64 62
62 61 66
64 66 67
68 65 64
67 68 64
65 68 69
68 70 69
68 71 70
68 67 71
72 58 63
58 72 73
63 74 72
74 63 65
65 75 74
75 65 69
69 70 75
76 77 78
77 76 79
80 76 78
76 80 81
80 82 81
82 80 83
83 84 82
84 83 85
85 14 84
14 85 15
78 86 80
86 78 87
77 87 78
87 88 86
88 87 89
90 89 87
87 77 90
89 90 91
92 86 88
86 92 93
80 93 83
93 80 86
94 93 92
93 94 95
83 95 85
95 83 93
2 95 94
95 2 16
85 16 15
16 85 95
89 96 88
96 89 97
92 98 94
98 92 99
99 88 96
88 99 92
94 100 2
100 94 98
0 2 100
97 89 101
97 101 102
102 103 97
104 105 106
105 104 107
108 105 107
105 108 109
110 109 108
109 110 111
112 111 110
111 112 113
112 114 113
106 115 104
116 117 118
117 116 119
120 118 117
118 120 121
122 123 124
123 122 125
126 125 122
125 126 127
128 127 126
127 128 129
130 131 132
131 130 133
134 135 136
135 134 137
138 137 134
137 138 139
138 140 139
140 138 141
140 141 142
140 142 143
142 144 143
145 146 147
146 145 148
147 149 145
149 147 150
149 150 151
150 152 151
150 153 152
154 145 149
145 154 155
155 148 145
156 155 154
154 157 156
157 154 158
149 158 154
155 156 159
159 160 155
148 155 160
160 159 161
161 162 160
162 161 163
163 164 162
164 163 165
166 160 162
160 166 148
162 167 166
167 162 164
168 167 164
168 164 165
169 148 166
148 169 146
167 168 170
171 166 167
166 171 169
167 170 171
171 170 172
173 171 172
171 173 174
175 174 173
173 176 175
176 173 177
172 177 173
178 175 176
175 178 179
178 180 179
180 178 181
174 175 182
175 183 182
183 175 179
179 184 183
184 179 180
180 185 184
185 180 186
186 187 185
187 186 188
186 189 188
189 186 190
190 186 180
190 180 181
188 191 187
189 191 188
177 172 192
172 193 192
172 170 193
194 193 170
195 194 170
196 194 195
195 197 196
198 196 197
199 198 197
200 198 199
195 170 168
158 149 201
202 203 204
203 202 205
206 205 202
205 206 207
208 207 206
207 208 209
210 209 208
209 210 211
210 212 211
212 210 213
213 214 212
214 213 215
215 216 214
216 215 217
217 218 216
218 217 219
219 220 218
220 219 221
221 222 220
222 221 223
223 224 222
224 223 225
226 224 225
227 228 229
228 227 230
230 231 228
231 230 232
232 233 231
233 232 234
234 235 233
235 234 236
236 237 235
237 236 238
239 237 238
239 238 240
241 239 240
242 241 240
243 241 242
243 242 244
245 243 244
246 245 244
247 245 246
248 247 246
249 247 248
250 249 248
250 251 249
250 252 251
250 253 252
253 254 252
254 253 255
256 257 258
257 256 259
256 260 259
261 258 257
258 261 262
263 262 261
262 263 264
265 264 263
264 265 266
227 266 265
266 227 229
267 268 269
268 267 270
271 269 268
269 271 272
273 272 271
274 270 267
270 274 275
276 275 274
275 276 277
204 277 276
277 204 203
278 279 280
281 280 279
280 281 282
283 282 281
282 283 284
285 284 283
284 285 286
287 286 285
286 287 288
289 288 287
288 289 290
289 291 290
291 289 292
292 293 291
293 292 294
294 295 293
295 294 296
296 297 295
298 299 300
299 298 301
301 302 299
302 301 303
304 298 300
298 304 305
305 304 306
307 302 303
302 307 308
308 307 309
308 309 310
309 311 310
312 310 311
310 312 313
312 314 313
315 316 317
316 315 318
319 318 315
318 319 320
321 320 319
320 321 322
323 322 321
322 323 324
325 324 323
324 325 326
325 327 326
327 325 328
328 329 327
329 328 330
330 331 329
331 330 332
332 333 331
333 332 334
334 335 333
335 334 336
336 337 335
337 336 338
338 339 337
339 338 340
340 341 339
342 343 344
343 342 345
343 346 344
347 344 346
344 347 348
348 349 344
347 350 348
350 347 351
351 352 350
353 350 352
352 351 354
354 355 352
355 354 356
355 356 357
355 357 358
357 359 358
350 353 360
348 350 360
348 361 349
348 360 361
353 352 362
362 352 363
352 355 363
363 355 358
364 353 362
353 364 365
365 360 353
366 362 363
362 366 364
359 367 358
363 367 366
367 363 358
368 361 360
360 365 368
361 368 369
369 349 361
349 369 370
370 371 349
349 371 344
342 344 371
372 342 371
371 370 372
342 372 373
373 345 342
345 373 374
375 345 374
345 375 376
345 376 377
378 377 376
377 378 379
379 380 377
380 379 381
381 382 380
382 381 383
384 381 379
381 384 385
385 383 381
385 386 383
387 385 384
385 387 388
388 386 385
389 388 387
388 389 390
391 390 389
390 391 392
387 393 389
393 387 394
384 394 387
394 395 393
396 393 395
393 396 397
389 397 391
397 389 393
396 398 397
398 391 397
398 396 399
399 400 398
400 399 401
401 402 400
402 401 403
403 404 402
404 403 405
395 394 406
407 406 394
406 407 408
400 409 398
409 400 410
391 398 409
405 411 404
404 411 412
411 405 413
404 412 414
414 415 404
416 404 415
416 402 404
402 416 417
418 417 416
418 410 417
410 418 419
410 419 409
409 419 420
419 421 420
411 422 412
422 411 413
400 417 410
417 400 402
421 392 420
423 392 421
392 409 420
409 392 391
423 390 392
390 423 424
390 424 388
388 424 425
418 426 419
419 426 421
421 427 423
427 424 423
424 427 428
425 424 428
428 429 425
388 425 386
429 386 425
386 429 430
386 430 383
383 430 431
383 431 382
382 431 432
382 432 433
432 434 433
434 432 435
435 436 434
436 435 437
436 437 438
438 439 436
439 438 440
343 382 433
382 343 380
377 380 343
343 345 377
433 346 343
346 433 434
347 346 434
436 347 434
436 351 347
439 351 436
440 356 439
357 356 440
356 354 439
439 354 351
394 384 407
379 407 384
407 379 378
378 408 407
408 378 441
376 441 378
441 376 375
442 443 444
445 442 444
443 446 444
447 445 444
447 444 448
449 447 448
449 450 447
450 449 451
451 452 450
452 451 453
453 454 452
454 453 455
456 452 454
452 456 457
457 450 452
458 457 456
457 458 459
459 460 457
460 447 450
450 457 460
460 459 461
461 462 460
447 460 462
462 461 463
464 455 453
455 464 465
466 465 464
464 467 466
467 464 468
453 468 464
465 466 469
470 466 467
466 470 471
471 469 466
469 471 472
473 471 470
474 473 470
467 474 470
473 474 475
476 475 474
474 477 476
475 476 478
478 479 475
479 478 480
480 481 479
481 480 482
471 473 483
483 472 471
482 484 481
484 482 485
472 483 486
487 483 473
475 487 473
487 475 479
483 487 488
488 486 483
489 488 487
479 489 487
489 479 481
488 489 490
491 490 489
481 491 489
491 481 484
490 491 492
491 493 492
493 491 494
484 494 491
492 495 490
495 492 496
493 496 492
494 497 493
497 494 498
496 493 499
493 500 499
500 493 497
497 501 500
501 497 502
502 497 498
503 502 498
501 502 504
505 490 495
490 505 488
486 488 505
506 498 494
494 484 506
498 506 507
507 503 498
503 507 508
509 503 508
502 503 509
509 510 502
502 510 504
511 509 508
509 511 512
513 508 507
508 513 514
511 508 514
515 507 506
507 515 513
506 485 515
485 506 484
516 509 512
516 510 509
511 517 512
512 517 518
519 520 521
519 468 520
468 519 467
474 467 519
520 522 521
451 520 468
520 451 449
520 449 522
468 453 451
522 449 448
477 519 521
474 519 477
523 524 525
524 523 526
525 527 523
527 525 528
529 524 526
528 530 527
530 528 531
532 530 531
530 532 533
534 533 532
533 534 535
536 535 534
535 536 537
538 539 540
539 541 540
542 540 541
542 541 543
544 543 541
543 544 545
545 546 543
543 546 547
542 543 547
546 545 548
549 548 545
545 550 549
545 544 550
548 549 551
549 552 551
551 553 548
553 551 554
554 555 553
555 554 556
557 555 556
555 557 558
556 559 557
559 556 560
554 560 556
560 554 561
551 561 554
561 551 552
562 557 559
557 562 563
563 558 557
564 563 562
563 564 565
565 566 563
558 563 566
566 565 567
568 567 565
567 568 569
570 569 568
569 570 571
572 571 570
571 572 573
574 573 572
573 574 575
576 575 574
575 576 577
578 576 574
576 578 579
580 574 572
574 580 578
570 580 572
580 570 581
568 581 570
581 568 582
565 582 568
582 565 564
575 583 573
583 575 584
585 584 575
584 585 586
586 587 584
587 586 588
584 589 583
589 584 587
590 583 589
583 590 591
592 591 590
591 592 593
591 573 583
573 591 571
593 571 591
571 593 569
594 569 593
569 594 567
595 567 594
567 595 566
596 566 595
566 596 558
596 555 558
555 596 597
598 597 596
597 598 599
596 600 598
600 596 595
594 600 595
600 594 601
593 601 594
601 593 592
599 602 597
602 599 603
603 546 602
546 603 604
548 602 546
602 548 553
597 553 555
553 597 602
546 604 547
605 606 607
607 606 608
609 608 606
610 609 606
605 610 606
608 611 607
611 612 607
611 613 612
607 612 614
614 605 607
612 615 614
615 612 616
616 617 615
617 616 618
616 619 618
619 616 620
612 620 616
620 612 613
621 618 619
618 621 622
618 623 617
623 618 622
624 622 621
622 624 625
625 623 622
626 625 624
625 626 627
628 627 626
627 628 629
627 630 625
623 625 630
630 627 631
629 631 627
631 629 632
633 632 629
632 633 634
635 634 633
634 635 636
637 636 635
636 637 638
639 638 637
638 639 640
639 641 640
641 639 642
642 643 641
643 642 644
644 645 643
645 644 646
646 647 645
633 648 635
648 637 635
648 633 649
637 648 650
650 639 637
639 650 651
651 642 639
642 651 652
642 652 644
629 649 633
649 629 628
653 654 655
654 653 656
656 657 654
657 656 658
659 653 655
653 659 660
660 659 661
662 660 661
661 663 662
658 664 657
664 658 665
665 666 664
666 665 667
663 668 662
668 669 662
667 670 666
670 667 671
671 672 670
672 671 673
673 674 672
674 673 675
675 676 674
676 675 677
674 676 678
677 679 676
680 679 677
676 679 681
676 681 678
678 681 682
678 682 683
674 678 684
684 678 683
683 685 684
685 683 686
686 687 685
688 687 686
688 689 687
689 688 690
690 691 689
691 690 692
693 687 689
687 693 694
695 689 691
689 695 693
696 687 694
696 684 685
687 696 685
691 697 695
697 691 698
692 698 691
698 699 697
699 698 700
700 701 699
701 700 702
701 702 703
704 702 700
704 700 698
702 704 705
705 706 702
702 706 703
706 705 707
698 692 708
708 704 698
708 709 704
709 710 704
710 709 711
711 712 710
711 713 712
711 714 713
701 703 715
716 717 718
717 716 719
718 720 716
720 718 721
721 722 720
722 721 723
724 725 726
725 724 727
726 728 724
728 726 729
727 730 725
730 727 731
729 732 728
732 729 733
733 734 732
734 733 735
735 736 734
736 735 737
737 738 736
738 737 739
731 740 730
741 742 743
742 741 744
741 745 744
745 741 746
746 747 745
747 746 748
748 749 747
749 748 750
751 752 753
751 753 754
753 755 754
755 753 756
753 752 756
756 757 755
757 756 758
758 759 757
759 758 760
760 761 759
761 760 762
762 763 761
763 762 764
762 765 764
765 762 766
760 766 762
766 760 767
760 758 767
758 768 767
768 758 756
764 769 763
769 764 770
771 769 770
770 772 771
772 770 773
764 773 770
773 764 765
769 771 774
775 771 772
771 775 776
776 774 771
774 776 777
576 777 776
777 576 579
776 577 576
577 776 775
768 756 752
778 779 780
779 778 781
780 782 778
782 780 783
784 780 779
780 784 785
785 783 780
786 785 784
785 786 787
787 788 785
783 785 788
788 787 789
790 787 786
787 790 791
791 789 787
789 791 792
793 791 790
791 793 794
794 792 791
795 794 793
794 795 796
796 797 794
792 794 797
797 796 798
799 796 795
796 799 800
800 798 796
798 800 801
586 801 800
801 586 585
800 588 586
588 800 799
802 803 804
803 802 805
804 806 802
806 804 807
805 808 803
808 805 809
809 810 808
810 809 811
811 812 810
812 811 813
813 814 812
814 813 815
815 816 814
816 815 817
807 818 806
818 807 819
819 820 818
821 822 823
822 821 824
824 825 822
825 824 826
826 827 825
827 826 828
828 829 827
829 828 830
830 831 829
831 830 832
832 833 831
833 832 834
835 821 823
821 835 836
837 836 835
836 837 838
839 838 837
838 839 840
841 842 843
842 841 844
843 845 841
845 843 846
844 847 842
847 844 848
848 849 847
849 848 850
850 851 849
851 850 852
852 853 851
853 852 854
854 855 853
855 854 856
846 857 845
857 846 858
858 859 857
859 858 860
861 859 860
860 862 861
862 860 863
864 861 862
861 864 680
865 863 860
863 865 866
865 867 866
867 865 868
861 677 859
680 677 861
677 869 859
870 859 869
870 869 871
864 872 680
680 872 873
868 874 867
874 868 875
875 876 874
876 875 877
877 878 876
878 877 879
879 880 878
880 879 881
881 882 880
882 881 883
883 884 882
884 883 885
886 884 885
886 885 887
887 888 886
887 889 888
890 891 892
891 890 893
893 894 891
894 893 895
896 894 895
894 896 897
898 897 896
897 898 899
900 899 898
899 900 901
902 901 900
901 902 903
903 902 904
892 905 890
905 892 906
906 907 905
907 906 908
908 909 907
909 908 910
911 912 913
911 914 912
915 911 913
916 917 918
917 916 919
918 920 916
920 918 921
921 922 920
922 921 923
923 924 922
924 923 925
925 926 924
926 925 927
927 928 926
928 927 929
929 930 928
930 929 931
931 932 930
919 871 917
871 919 870
933 544 541
541 539 933
544 933 934
544 934 550
935 317 936
937 938 939
938 937 940
941 940 937
940 941 942
684 696 674
681 873 943
873 681 679
681 943 944
680 873 679
681 944 682
945 946 947
948 947 946
948 946 949
949 950 948
950 949 951
952 951 949
949 953 952
953 954 952
954 953 955
956 955 953
957 956 953
953 958 957
959 957 958
960 959 958
958 961 960
961 962 960
961 963 962
961 964 963
964 965 963
966 967 968
967 966 969
970 968 967
967 971 970
971 967 972
969 972 967
972 973 971
973 972 974
968 970 975
968 976 966
976 968 977
975 977 968
977 978 976
978 977 979
980 979 977
977 975 980
979 980 981
979 982 978
982 979 983
984 982 983
982 984 985
983 986 984
986 983 987
979 987 983
987 979 981
988 985 984
985 988 989
990 984 986
984 990 988
991 988 990
988 991 992
992 989 988
993 992 991
992 993 994
994 995 992
989 992 995
995 994 996
997 994 993
996 994 997
998 999 1000
999 998 1001
1000 1002 998
1002 1000 1003
1004 1002 1003
1002 1004 1005
1006 1005 1004
1005 1006 1007
1008 1007 1006
1007 1008 1009
1010 1009 1008
1009 1010 1011
1012 1011 1010
1011 1012 1013
1001 1014 999
1014 1001 1015
1015 1016 1014
1016 1015 1017
1018 1016 1017
1019 1020 1021
1020 1019 1022
1021 1023 1019
1023 1021 1024
1024 1025 1023
1025 1024 1026
1027 1025 1026
1025 1027 1028
1029 1028 1027
1028 1029 1030
1022 1031 1020
1031 1022 1032
1032 1033 1031
1033 1032 1034
1035 1033 1034
1033 1035 1036
1037 1036 1035
1036 1037 1038
1037 1039 1038
1039 1037 1040
1041 1039 1040
1039 1041 1042
1043 1042 1041
1042 1043 1044
1045 1044 1043
1044 1045 1046
1047 1046 1045
1046 1047 1048
1047 1049 1048
1049 1047 1050
1051 1049 1050
1044 1052 1042
1052 1039 1042
1052 1044 1053
1046 1053 1044
1039 1052 1054
1054 1038 1039
1038 1054 1055
1055 1036 1038
1036 1055 1056
1057 1036 1056
1036 1057 1033
1058 1033 1057
1033 1058 1031
1058 1020 1031
1020 1058 1059
1059 1021 1020
1021 1059 1060
1060 1024 1021
1024 1060 1061
1061 1026 1024
1026 1061 1062
1062 1027 1026
1027 1062 1063
1057 1064 1058
1065 1057 1056
1056 1066 1065
1066 1056 1055
1055 1067 1066
1067 1055 1054
1068 1060 1059
1059 1069 1068
1054 1070 1067
1070 1054 1052
1052 1071 1070
1071 1052 1053
1072 1071 1053
1053 1046 1072
1048 1072 1046
1072 1048 1073
1049 1073 1048
1073 1049 1074
1071 1072 1075
1072 1073 1075
1058 1069 1059
1058 1064 1069
1064 1076 1069
1076 1064 1077
1078 1076 1077
1076 1078 1079
1079 1080 1076
1080 1079 1081
1082 1078 1077
1078 1082 1083
1076 1080 1069
1077 1084 1082
1084 1077 1064
1057 1084 1064
1057 1065 1084
1081 1085 1080
1080 1085 1068
1069 1080 1068
1085 1081 1086
1087 1085 1086
1085 1087 1088
1089 1088 1087
1088 1089 1090
1091 1090 1089
1090 1091 1092
1093 1092 1091
1092 1093 1094
1095 1094 1093
1094 1095 1096
1097 1096 1095
1096 1097 1098
1099 1098 1097
1098 1099 1100
1101 1100 1099
1100 1101 1102
1102 1103 1100
1103 1102 1104
1104 1105 1103
1106 1103 1105
1103 1106 1107
1107 1100 1103
1100 1107 1098
1108 1107 1106
1107 1108 1109
1098 1109 1096
1109 1098 1107
1108 1110 1109
1110 1096 1109
1110 1108 1111
1111 1112 1110
1112 1111 1113
1113 1114 1112
1114 1113 1115
1115 1116 1114
1116 1115 1060
1060 1068 1116
1105 1104 1117
1112 1094 1110
1096 1110 1094
1094 1112 1092
1114 1092 1112
1092 1114 1090
1116 1090 1114
1090 1116 1088
1116 1085 1088
1068 1085 1116
1118 1117 1104
1104 1119 1118
1118 1119 1120
1120 1119 1121
1118 1120 1122
1117 1118 1122
1102 1121 1119
1119 1104 1102
1121 1102 1101
1123 1124 1125
1123 1125 1126
1127 1123 1126
1126 1128 1127
1129 1127 1128
1130 1127 1129
1131 1130 1129
1132 1130 1131
1132 1131 1133
1133 1134 1132
1135 1134 1133
1136 1134 1135
1132 1134 1137
1124 1051 1125
1124 1074 1051
1074 1049 1051
1136 1138 1134
1138 1139 1134
1139 1140 1134
1140 1137 1134
1140 1139 1141
1140 1141 1142
1141 1143 1142
1142 1143 1144
1143 1145 1144
1146 1144 1145
1144 1146 1147
1147 1146 1148
1147 1148 1149
1149 1148 1150
1149 1150 1151
1151 1150 1152
1150 1153 1152
1154 1152 1153
1152 1154 1155
1154 1156 1155
1156 1154 1157
1157 1158 1156
1158 1157 1159
1159 1160 1158
1160 1159 1161
1161 1162 1160
1162 1161 1163
1164 1162 1163
1162 1164 1165
1164 1166 1165
1166 1164 1167
1167 1168 1166
1168 1167 1169
1170 1168 1169
1168 1170 1171
1172 1171 1170
1171 1172 1173
1174 1173 1172
1173 1174 1175
1176 1175 1174
1175 1176 1177
1178 1177 1176
1177 1178 1179
1178 1180 1179
1180 1178 1181
1181 1182 1180
1182 1181 1183
1184 1168 1171
1173 1184 1171
1168 1184 1185
1185 1166 1168
1166 1185 1186
1187 1166 1186
1166 1187 1165
1188 1165 1187
1165 1188 1162
1189 1162 1188
1162 1189 1160
1189 1158 1160
1158 1189 1190
1190 1156 1158
1156 1190 1191
1191 1155 1156
1155 1191 1192
1192 1152 1155
1152 1192 1151
1193 1191 1190
1189 1193 1190
1191 1193 1194
1191 1194 1192
1187 1195 1188
1188 1196 1189
1196 1188 1195
1193 1189 1196
1195 1187 1197
1186 1197 1187
1197 1186 1198
1185 1198 1186
1198 1185 1199
1185 1200 1199
1185 1184 1200
1201 1199 1200
1200 1202 1201
1202 1200 1203
1184 1203 1200
1202 1204 1201
1204 1202 1205
1206 1205 1202
1202 1203 1206
1205 1206 1207
1204 1208 1201
1199 1201 1208
1208 1204 1209
1184 1210 1203
1184 1173 1210
1175 1210 1173
1210 1175 1211
1177 1211 1175
1211 1177 1212
1179 1212 1177
1212 1179 1213
1180 1213 1179
1213 1180 1214
1211 1215 1210
1210 1215 1203
1203 1215 1206
1215 1211 1216
1217 1216 1211
1216 1217 1218
1219 1218 1217
1218 1219 1220
1221 1220 1219
1220 1221 1222
1223 1222 1221
1222 1223 1224
1223 1225 1224
1225 1223 1226
1226 1227 1225
1227 1226 1228
1228 1229 1227
1229 1228 1230
1231 1227 1229
1227 1231 1232
1232 1225 1227
1233 1232 1231
1232 1233 1234
1234 1235 1232
1225 1232 1235
1235 1224 1225
1235 1234 1236
1236 1237 1235
1224 1235 1237
1237 1222 1224
1237 1236 1238
1238 1239 1237
1239 1238 1240
1240 1241 1239
1241 1240 1242
1242 1243 1241
1243 1242 1244
1244 1245 1243
1245 1244 1246
1246 1247 1245
1247 1246 1248
1222 1237 1239
1239 1220 1222
1220 1239 1241
1241 1218 1220
1218 1241 1243
1243 1216 1218
1216 1243 1245
1216 1245 1247
1207 1247 1248
1247 1207 1206
1206 1215 1247
1215 1216 1247
1249 1250 1251
1252 1250 1249
1253 1250 1252
1250 1253 1254
1254 1251 1250
1255 1254 1253
1254 1255 1256
1030 1256 1255
1256 1030 1029
1251 1254 1257
1256 1257 1254
1257 1256 1258
1029 1258 1256
1258 1029 1259
1029 1063 1259
1063 1029 1027
1260 1261 1262
1261 1263 1262
1264 1260 1262
1265 1260 1264
1264 1266 1265
1266 1264 1267
1267 1268 1266
1268 1267 1269
1269 1270 1268
1270 1269 1271
1271 1272 1270
1272 1271 1273
1273 974 1272
974 1273 973
974 1274 1272
974 1275 1274
1275 974 972
972 969 1275
1276 1277 1278
1277 1276 1279
1278 1280 1276
1280 1278 1281
1282 1277 1279
1277 1282 1283
1282 1284 1283
1284 1282 1285
1281 1286 1280
1286 1281 1287
1287 1288 1286
1288 1287 1289
1289 1290 1288
1290 1289 1291
1291 1292 1290
1292 1293 1290
1292 1294 1293
1294 1295 1293
1295 1294 1296
1297 1284 1285
1284 1297 1298
1298 1297 1299
1285 1300 1297
1301 1297 1300
1297 1301 1299
1083 1299 1301
1299 1083 1082
1302 1295 1296
1295 1302 1303
1304 1303 1302
1304 1305 1303
1306 1305 1304
1307 1305 1306
1305 1307 1308
1309 1308 1307
1308 1309 1310
1311 1310 1309
1310 1311 1312
1313 1312 1311
1312 1313 1314
1315 1314 1313
1314 1315 1316
1315 1317 1316
1317 1315 1318
1319 1317 1318
1317 1319 1320
1319 1321 1320
1321 1319 1322
1322 1323 1321
1320 1321 1324
1321 1325 1324
1325 1321 1323
1323 1209 1325
1209 1323 1208
1326 1327 1328
1328 1329 1326
1329 1328 1330
1331 1329 1330
1329 1331 1332
1333 1332 1331
1332 1333 1334
1335 1334 1333
1334 1335 1336
1337 1336 1335
1336 1337 1338
1338 1337 1339
1337 1340 1339
1339 1340 1341
1340 1342 1341
1343 1341 1342
1344 1343 1342
1345 1346 1347
1346 1348 1347
1348 1346 1349
1349 1350 1348
1350 1349 1351
1351 1352 1350
1352 1351 1353
1353 1354 1352
1354 1353 1355
1355 1356 1354
1356 1355 1357
1357 1358 1356
1358 1357 1359
1360 1358 1359
1360 1361 1358
1362 1363 1364
1363 1362 1365
1363 1366 1364
1366 1363 1367
1367 1368 1366
1368 1367 1369
1369 1370 1368
1370 1369 1371
1372 1365 1362
1371 1373 1370
1373 1371 1374
1374 1375 1373
1375 1374 1376
1377 1375 1376
1375 1377 1378
1378 1377 1379
1378 1379 1380
1380 1379 1381
1380 1381 1382
1383 1382 1381
1383 1384 1382
1384 1383 1385
1384 1385 1386
1385 1387 1386
1388 1386 1387
1386 1388 1389
1390 1389 1388
1389 1390 1391
1392 1393 1394
1393 1395 1394
1395 1393 1396
1397 1395 1396
1395 1397 1398
1399 1398 1397
1398 1399 1400
1401 1400 1399
1400 1401 1402
1403 1402 1401
1402 1403 1404
1405 1404 1403
1404 1405 1406
1407 1406 1405
1406 1407 1408
1407 1409 1408
1409 1407 1410
1410 1411 1409
1411 1410 1412
1412 1413 1411
1413 1412 1414
1415 1413 1414
1413 1415 1416
1417 1416 1415
1418 1419 1420
1419 1418 1421
1420 1422 1418
1422 1420 1423
1423 1424 1422
1424 1423 1425
1425 1426 1424
1426 1425 1427
1427 1428 1426
1428 1427 1429
1429 1430 1428
1430 1429 1431
1431 1432 1430
1432 1431 1433
1433 1434 1432
1434 1433 1435
1434 1435 1436
1437 1434 1436
1436 1438 1437
1438 1439 1437
1440 1439 1438
1440 1441 1439
1441 1440 1442
1443 1441 1442
1441 1443 1444
1445 1444 1443
1444 1445 1446
1447 1446 1445
1446 1447 1448
1419 1421 1449
1450 1451 1452
1453 1454 1455
1456 1453 1455
1457 1453 1456
1458 1457 1456
1457 1458 1459
1458 1460 1459
1460 1461 1459
1454 1462 1455
1454 1463 1462
1463 1454 1464
1464 1465 1463
1459 1461 1466
1466 1467 1459
1468 1469 1470
1471 1472 1473
1472 1474 1473
1474 1472 1475
1476 1475 1472
1477 1476 1472
1471 1477 1472
1475 1476 1478
1479 1478 1476
1480 1479 1476
1477 1480 1476
1478 1479 1481
1481 1479 1482
1482 1479 1483
1479 1484 1483
1480 1484 1479
1483 1484 1485
1485 1486 1483
1483 1486 1487
1483 1487 1482
1487 1486 1488
1489 1486 1485
1486 1489 1490
1486 1490 1488
1491 1490 1489
1490 1491 1492
1492 1488 1490
1493 1480 1477
1484 1480 1494
1484 1495 1485
1495 1484 1496
1496 1484 1494
1489 1497 1491
1498 1491 1497
1491 1498 1499
1499 1500 1491
1500 1492 1491
1501 1499 1498
1499 1501 1502
1497 1489 1503
1503 1485 1495
1485 1503 1489
1501 1504 1502
1504 1501 1505
1505 1506 1504
1506 1505 1507
1507 1508 1506
1508 1507 1509
1499 1510 1500
1502 1510 1499
1511 1504 1506
1504 1511 1512
1506 1513 1511
1513 1506 1508
1508 1514 1513
1514 1508 1515
1509 1515 1508
1504 1516 1502
1516 1504 1512
1502 1516 1510
1516 1517 1510
1517 1516 1518
1512 1518 1516
1519 1510 1517
1510 1519 1500
1520 1500 1519
1500 1520 1492
1488 1492 1520
1521 1514 1515
1522 1523 1524
1523 1522 1525
1473 1522 1524
1522 1473 1474
1526 1524 1523
1524 1526 1527
1527 1473 1524
1473 1527 1471
1525 1528 1523
1528 1525 1529
1529 1530 1528
1530 1529 1531
1530 1532 1528
1531 1533 1530
1533 1531 1534
1534 1535 1533
1535 1534 1536
1535 1537 1533
1538 1535 1536
1535 1538 1539
1540 1539 1538
1535 1541 1537
1539 1541 1535
1539 1542 1541
1539 1540 1542
1543 1532 1530
1544 1543 1530
1533 1544 1530
1537 1544 1533
1532 1545 1528
1545 1523 1528
1523 1545 1526
1546 1526 1545
1526 1546 1547
1547 1527 1526
1547 1548 1527
1548 1549 1527
1549 1471 1527
1549 1550 1471
1550 1551 1471
1551 1477 1471
1551 1493 1477
1546 1545 1552
1545 1553 1552
1553 1554 1552
1553 1555 1554
1555 1556 1554
1555 1557 1556
1556 1557 1558
1557 1559 1558
1559 1560 1558
1560 1559 1561
1561 1562 1560
1562 1561 1563
1563 1564 1562
1564 1563 1565
1565 1566 1564
1493 1567 1480
1480 1567 1494
1568 1569 1570
1569 1568 1571
1571 1572 1569
1573 1572 1571
1568 1570 1574
1573 1575 1572
1576 1575 1573
1576 1573 1577
1577 1578 1576
1579 1578 1577
1579 1580 1578
1581 1580 1579
1579 1582 1581
1582 1579 1583
1583 1584 1582
1584 1583 1585
1585 1586 1584
1584 1586 1587
1587 1586 1588
1588 1589 1587
1590 1589 1588
1589 1590 1591
1592 1591 1590
1592 1590 1593
1592 1593 1594
1594 1593 1595
1596 1594 1595
1596 1595 1597
1596 1597 1598
1598 1599 1596
1599 1598 1600
1600 1601 1599
1601 1602 1599
1602 1601 1603
1603 1604 1602
1604 1603 1605
1606 1602 1604
1602 1606 1607
1607 1599 1602
1599 1607 1608
1609 1603 1601
1601 1610 1609
1601 1600 1610
1603 1609 1611
1611 1605 1603
1612 1611 1609
1613 1612 1609
1613 1609 1610
1614 1612 1613
1612 1614 1615
1616 1615 1614
1615 1616 1617
1616 1618 1617
1618 1616 1619
1619 1620 1618
1620 1621 1618
1621 1620 1622
1623 1622 1620
1622 1623 1624
1620 1619 1625
1625 1623 1620
1623 1626 1624
1626 1623 1627
1626 1627 1628
1629 1615 1617
1617 1618 1629
1615 1629 1630
1629 1631 1630
1631 1629 1632
1632 1618 1621
1618 1632 1629
1633 1630 1631
1630 1633 1634
1635 1634 1633
1634 1635 1611
1611 1612 1634
1615 1634 1612
1634 1615 1630
1605 1611 1635
1627 1623 1636
1623 1625 1636
1637 1638 1639
1638 1637 1640
1641 1639 1638
1639 1641 1642
1643 1642 1641
1642 1643 1644
1645 1644 1643
1644 1645 1646
1640 1637 1647
1648 1646 1645
1646 1648 1649
1650 1649 1648
1649 1650 1651
1651 1650 1652
1653 1654 1655
1654 1653 1656
1657 1654 1656
1657 1658 1654
1658 1659 1654
1659 1655 1654
1655 1659 1660
1661 1660 1659
1662 1661 1659
1662 1659 1658
1660 1661 1663
1664 1656 1653
1665 1656 1664
1665 1664 1666
1667 1656 1665
1667 1657 1656
1668 1665 1666
1668 1667 1665
1669 1668 1666
1668 1669 1670
1670 1669 1671
1672 1661 1662
1661 1672 1673
1673 1663 1661
1672 1674 1673
1674 1672 1675
1674 1676 1673
1663 1673 1676
1676 1674 1677
1678 1677 1674
1675 1678 1674
1677 1678 1679
1680 1679 1678
1681 1680 1678
1678 1675 1681
1680 1681 1682
1682 1683 1680
1683 1682 1684
1683 1685 1680
1679 1680 1685
1685 1683 1686
1683 1687 1686
1687 1683 1688
1683 1689 1688
1689 1683 1684
1690 1688 1689
1688 1691 1687
1690 1691 1688
1692 1691 1690
1691 1692 1693
1694 1693 1692
1693 1694 1695
1694 1696 1695
1696 1694 1697
1698 1699 1700
1701 1700 1699
1700 1701 1702
1703 1702 1701
1702 1703 1704
1705 1704 1703
1704 1705 1706
1705 1707 1706
1708 1707 1705
1708 1709 1707
1709 1708 1710
1710 1711 1709
1711 1710 1712
1712 1713 1711
1713 1712 1714
1714 1715 1713
1716 1715 1714
1717 1715 1716
1717 1716 1718
1718 1719 1717
1719 1718 1720
1720 1721 1719
1721 1720 1722
1723 1721 1722
1721 1723 1724
1725 1724 1723
1724 1725 1726
1726 1725 1727
1725 1728 1727
1729 1727 1728
1730 1731 1732
1732 1733 1730
1732 1734 1733
1732 1735 1734
1734 1735 1736
1737 1736 1735
1737 1738 1736
1739 1738 1737
1739 1740 1738
1739 1741 1740
1741 1739 1742
1742 1743 1741
1743 1742 1744
1745 1743 1744
1745 1744 1746
1746 1747 1745
1746 1748 1747
1747 1748 1749
1749 1750 1747
1749 1751 1750
1706 1750 1751
1752 1753 1754
1755 1753 1752
1753 1755 1756
1756 1755 1757
1755 1758 1757
1759 1757 1758
1760 1757 1759
1757 1760 1761
1761 1760 1762
1757 1761 1763
1758 1755 1764
1765 1756 1757
1757 1763 1765
1764 1755 1766
1766 1755 1752
1766 1752 1767
1752 1768 1767
1769 1768 1754
1770 1768 1769
1761 1771 1763
1763 1771 1772
1771 1773 1772
1773 1774 1772
1774 1773 1775
1775 1776 1774
1776 1775 1777
1778 1776 1777
1752 1754 1768
1779 1780 1781
1780 1779 1782
1783 1781 1780
1781 1783 1784
1785 1784 1783
1784 1785 1786
1787 1786 1785
1786 1787 1788
1789 1788 1787
1788 1789 1790
1791 1790 1789
1790 1791 1792
1793 1792 1791
1792 1793 1794
1795 1782 1779
1782 1795 1796
1797 1796 1795
1798 1794 1793
1798 1793 1799
1800 1798 1799
1801 1800 1799
1801 1799 1802
1803 1801 1802
1804 1803 1802
1804 1802 1805
1806 1804 1805
1807 1806 1805
1807 1805 1808
1809 1807 1808
1809 1808 1810
1808 1811 1810
1811 1812 1810
1812 1811 1813
1813 1814 1812
1814 1813 1815
1814 1815 1816
1817 1818 1819
1818 1817 1820
1821 1819 1818
1819 1821 1822
1822 1821 1823
1824 1820 1817
1820 1824 1825
1824 1826 1825
1826 1824 1827
1828 1826 1827
1826 1828 1829
1830 1829 1828
1829 1830 1831
1832 1831 1830
1831 1832 1833
1834 1833 1832
1833 1834 1835
1836 1835 1834
1837 1822 1823
1838 1837 1823
1838 1839 1837
1839 1838 1840
1840 1841 1839
1841 1840 1842
1842 1843 1841
1843 1842 1844
1844 1845 1843
1845 1844 1846
1846 1847 1845
1848 1849 1850
1849 1848 1851
1852 1850 1849
1850 1852 1853
1854 1853 1852
1853 1854 1855
1856 1855 1854
1855 1856 1857
1858 1857 1856
1857 1858 1859
1860 1859 1858
1859 1860 1861
1862 1861 1860
1861 1862 1863
1862 1864 1863
1864 1862 1865
1865 1866 1864
1867 1866 1865
1868 1866 1867
1867 1869 1868
1869 1867 1870
1870 1871 1869
1871 1870 1872
1871 1872 1873
1874 1871 1873
1873 1875 1874
1875 1873 1876
1875 1876 1877
1878 1875 1877
1877 1879 1878
1879 1877 1880
1881 1879 1880
1879 1881 1882
1881 1883 1882
1883 1881 1884
1884 1885 1883
1885 1884 1886
1886 1887 1885
1887 1886 1888
1889 1890 1891
1892 1891 1890
1891 1892 1893
1892 1894 1893
1895 1889 1891
1895 1896 1889
1897 1896 1895
1897 1898 1896
1897 1899 1898
1897 1900 1899
1901 1899 1900
1902 1901 1900
1902 1903 1901
1902 1904 1903
1904 1902 1905
1905 1906 1904
1905 1907 1906
1907 1908 1906
1907 1909 1908
1910 1908 1909
1910 1909 1911
1910 1911 1912
1913 1731 1730
1914 1915 1916
1916 1915 1917
1917 1918 1916
1918 1914 1916
1918 1917 1919
1914 1918 1920
1921 1918 1919
1918 1921 1922
1922 1920 1918
1923 1922 1921
1922 1923 1924
1925 1924 1923
1924 1925 1926
1926 1927 1924
1927 1926 1928
1925 1929 1926
1929 1928 1926
1929 1925 1930
1930 1931 1929
1931 1930 1932
1932 1607 1931
1607 1932 1608
1607 1933 1931
1933 1607 1606
1934 1931 1933
1931 1934 1929
1928 1929 1934
1935 1924 1927
1924 1935 1922
1920 1922 1935
1936 1937 1938
1937 1936 1939
1940 1938 1937
1938 1940 1941
1942 1941 1940
1941 1942 1943
1942 1944 1943
1944 1942 1945
1945 1946 1944
1946 1945 1947
1948 1939 1936
1939 1948 1949
1947 1950 1946
1950 1947 1951
1951 1952 1950
1952 1951 1953
1953 1954 1952
1954 1953 1955
1955 1956 1954
1957 1958 1959
1958 1957 1960
1961 1959 1958
1959 1961 1962
1963 1962 1961
1964 1965 1966
1965 1964 1967
1968 1965 1967
1965 1968 1969
1970 1969 1968
1969 1970 1971
1972 1971 1970
1971 1972 1973
1974 1973 1972
1973 1974 1975
1976 1964 1966
1974 1977 1975
1977 1974 1978
1978 1979 1977
1979 1978 1980
1981 1979 1980
1979 1981 1982
1983 1982 1981
1984 1985 1986
1851 1984 1986
1984 1851 1848
1987 1988 1989
1990 1987 1989
1987 1990 1991
1992 1991 1990
1991 1992 1993
1994 1993 1992
1993 1994 1995
1996 1995 1994
1995 1996 1997
1998 1997 1996
1998 1996 1999
1998 1999 2000
1999 2001 2000
2000 2001 2002
2003 2000 2002
2002 2004 2003
2004 2005 2003
2003 2005 2006
2005 2007 2006
2008 2009 2010
2009 2008 2011
2011 2012 2009
2012 2011 2013
2013 2014 2012
2014 2013 2015
2016 2014 2015
2014 2016 2017
2018 2017 2016
2017 2018 2019
2010 2020 2008
2020 2010 2021
2021 2022 2020
2022 2021 2023
2023 2024 2022
2024 2023 2025
2025 2026 2024
2026 2025 2027
2027 2028 2026
2029 2019 2018
2019 2029 2030
2031 2030 2029
2030 2031 2032
2033 2032 2031
2032 2033 2034
2035 2034 2033
2034 2035 2036
2037 2036 2035
2036 2037 2038
2039 2038 2037
2038 2039 2040
2041 2040 2039
2040 2041 2042
2043 2042 2041
2042 2043 2044
2045 2044 2043
2044 2045 2046
2047 2046 2045
2046 2047 2048
2049 2048 2047
2048 2049 2050
2049 2051 2050
2051 2049 2052
2052 2053 2051
2053 2052 2054
2053 2054 2055
2043 2056 2045
2056 2043 2057
2058 2045 2056
2045 2058 2047
2041 2057 2043
2057 2041 2059
2039 2059 2041
2059 2039 2060
2037 2060 2039
2060 2037 2061
2035 2061 2037
2061 2035 2062
2033 2062 2035
2062 2033 2063
2033 2064 2063
2033 2031 2064
2031 2065 2064
2031 2029 2065
2066 2065 2029
2018 2066 2029
2018 2067 2066
2018 2016 2067
2068 2067 2016
2016 2015 2068
2013 2068 2015
2013 2069 2068
2011 2069 2013
2070 2069 2011
2008 2070 2011
2070 2008 2071
2072 2071 2008
2020 2072 2008
2020 2073 2072
2020 2022 2073
2022 2024 2073
2074 2075 2076
2075 2074 2077
2078 2077 2074
2077 2078 2079
2080 2079 2078
2079 2080 2081
2082 2081 2080
2081 2082 2083
2084 2076 2075
2076 2084 2085
2086 2083 2082
2083 2086 2087
2088 2087 2086
2087 2088 2089
2090 2089 2088
2089 2090 2091
2092 2091 2090
2093 2085 2084
2085 2093 2094
2085 2094 2095
2096 2095 2094
2093 2096 2094
2095 2096 2097
2098 2097 2096
2097 2098 2099
2100 2099 2098
2099 2100 2101
2096 2093 2102
2102 2098 2096
2098 2102 2103
2100 2098 2103
2100 2103 2104
2105 2101 2100
2101 2105 2106
2107 2106 2105
2108 2107 2105
2106 2107 2109
2110 2109 2107
2109 2110 2111
2112 2111 2110
2111 2112 2113
2114 2112 2110
2105 2100 2115
2108 2105 2115
2100 2104 2115
2116 2113 2112
2113 2116 2117
2118 2117 2116
2117 2118 2119
2120 2119 2118
2119 2120 2121
2120 2122 2121
2122 2120 2123
2124 2120 2118
2120 2124 2123
2125 2118 2116
2118 2125 2124
2125 2116 2112
2125 2112 2114
2126 2114 2110
2126 2110 2107
2107 2108 2126
2127 2128 2129
2130 2131 2132
2133 2130 2132
2133 2134 2130
2134 2133 2135
2135 2136 2134
2132 2131 2137
2137 2138 2132
2139 2138 2137
2138 2139 2140
2140 2139 2141
2141 2142 2140
2142 2141 2143
2141 2144 2143
2145 2146 2147
2146 2145 2148
2149 2147 2146
2147 2149 2150
2151 2150 2149
2150 2151 2152
2153 2152 2151
2152 2153 2154
2155 2154 2153
2154 2155 2156
2157 2156 2155
2156 2157 2158
2159 2158 2157
2158 2159 2160
2161 2148 2145
2162 2160 2159
2163 2164 2165
2165 2166 2163
2166 2165 2167
2167 2168 2166
2168 2167 2169
2169 2170 2168
2169 2171 2170
2172 2170 2171
2173 2172 2171
2173 2174 2172
2173 2175 2174
2176 2177 2178
2178 2177 2179
2177 2180 2179
2181 2179 2180
2181 2180 2182
2182 2183 2181
2184 2183 2182
2182 2185 2184
2186 2184 2185
2187 2186 2185
2188 2186 2187
2188 2187 2189
2190 2188 2189
2191 2192 2193
2194 2191 2193
2191 2194 2195
2194 2196 2195
2196 2194 2197
2197 2198 2196
2198 2197 2199
2200 2198 2199
2201 2202 2203
2202 2201 2204
2205 2204 2201
2205 2206 2204
2206 2205 2207
2201 2203 2208
2208 2203 2209
2208 2209 2210
2211 2210 2209
2212 2213 2214
2215 2052 2049
2052 2215 2216
2047 2215 2049
2215 2047 2058
2054 2052 2216
2216 2055 2054
2053 2055 2217
2218 2053 2217
2053 2218 2219
2220 2219 2218
2219 2220 2221
2220 2222 2221
2222 2220 2223
2223 2224 2222
2224 2223 2225
2225 2226 2224
2226 2225 2227
2227 2228 2226
2228 2227 2229
2229 2230 2228
2230 2229 2231
2231 2232 2230
2232 2231 2233
2233 2234 2232
2234 2233 2235
2235 2236 2234
2236 2235 2237
2237 2238 2236
2238 2237 2239
2239 2240 2238
2240 2239 2241
2241 2242 2240
2242 2241 2243
2243 2244 2242
2244 2243 2245
2245 2246 2244
2246 2245 2247
2248 2246 2247
2246 2248 2249
2250 2249 2248
2249 2250 2251
2252 2251 2250
2251 2252 2253
2254 2253 2252
2253 2254 2255
2256 2255 2254
2255 2256 2257
2258 2257 2256
2257 2258 2259
2260 2259 2258
2259 2260 2261
2261 2260 2262
2248 2247 2263
2250 2248 2264
2248 2263 2264
2256 2265 2258
2254 2265 2256
2254 2266 2265
2254 2252 2266
2266 2252 2267
2245 2263 2247
2263 2245 2268
2243 2268 2245
2243 2269 2268
2243 2241 2269
2269 2241 2270
2239 2270 2241
2239 2271 2270
2237 2271 2239
2237 2272 2271
2237 2273 2272
2273 2237 2235
2235 2274 2273
2274 2235 2233
2233 2275 2274
2275 2233 2231
2231 2276 2275
2276 2231 2229
2229 2277 2276
2277 2229 2227
2227 2278 2277
2278 2227 2225
2225 2279 2278
2279 2225 2223
2223 2280 2279
2280 2223 2220
2218 2280 2220
2280 2218 2281
2217 2281 2218
2281 2217 2055
2282 2283 2284
2283 2282 2285
2284 2286 2282
2287 2282 2286
2282 2287 2288
2288 2285 2282
2289 2288 2287
2288 2289 2290
2286 2284 2291
2292 2284 2283
2284 2292 2293
2293 2291 2284
2294 2293 2292
2293 2294 2295
2295 2296 2293
2291 2293 2296
2296 2295 2297
2298 2295 2294
2295 2298 2299
2298 2300 2299
2300 2298 2301
2302 2299 2300
2299 2302 2303
2295 2303 2297
2303 2295 2299
2301 2304 2300
2304 2301 2305
2306 2300 2304
2300 2306 2302
2304 2307 2306
2307 2304 2308
2305 2308 2304
2308 2309 2307
2309 2308 2310
2311 2310 2308
2308 2305 2311
2310 2311 2312
2313 2309 2310
2312 2313 2310
2314 2315 2316
2315 2314 2317
2318 2316 2315
2316 2318 2319
2318 2320 2319
2320 2318 2321
2321 2322 2320
2322 2321 2323
2323 2324 2322
2324 2323 2325
2325 2326 2324
2326 2325 2327
2327 2328 2326
2328 2327 2329
2330 2317 2314
2317 2330 2331
2332 2331 2330
2331 2332 2333
2334 2333 2332
2335 2336 2337
2338 2335 2337
2337 2339 2338
2339 2337 2340
2336 2340 2337
2340 2341 2339
2341 2340 2342
2342 1183 2341
1183 2342 1182
2340 2336 2343
2343 2342 2340
2342 2343 2344
2344 1182 2342
1182 2344 2345
1214 1182 2345
1182 1214 1180
2346 2347 2348
2348 2347 2349
2350 2347 2346
2351 2350 2346
2352 2350 2351
2350 2352 2353
2354 2353 2352
2353 2354 2355
2356 2355 2354
2355 2356 2357
2358 2357 2356
2357 2358 2359
2290 2359 2358
2359 2290 2289
2290 2358 2360
2361 2290 2360
2290 2361 2288
2285 2288 2361
2362 2363 2364
2365 2362 2364
2365 2366 2362
2363 1231 2364
1231 2363 1233
1229 2364 1231
2364 1229 2365
2365 1230 2366
1230 2365 1229
2367 2368 2369
2370 2368 2367
2368 2370 2371
2370 2372 2371
2372 2370 2373
2373 2374 2372
2374 2373 2375
2375 2376 2374
2376 2375 2377
2377 2378 2376
2378 2377 2379
2379 2380 2378
2378 2380 2381
2380 2382 2381
2381 2382 2383
2384 2383 2382
2385 2383 2384
2386 2387 2388
2389 2388 2387
2388 2389 2390
2391 2390 2389
2390 2391 2392
2393 2392 2391
2392 2393 2394
2395 2394 2393
2394 2395 2396
2397 2396 2395
2396 2397 2398
2399 2398 2397
2398 2399 2400
2401 2400 2399
2401 2399 2402
2403 2404 2405
2404 2403 2406
2407 2403 2405
2403 2407 2408
2409 2408 2407
2408 2409 2410
2411 2410 2409
2410 2411 2412
2413 2404 2406
2414 2412 2411
2412 2414 2415
2416 2415 2414
2415 2416 2417
2416 2418 2417
2418 2416 2419
2419 2420 2418
2419 2421 2420
2421 2422 2420
2421 2423 2422
2424 2422 2423
2424 2423 2425
2425 2426 2424
2425 2427 2426
2426 2427 2428
2427 2429 2428
2429 2427 2430
2430 2431 2429
2431 2430 2432
2433 2434 2435
2436 2435 2434
2435 2436 2437
2436 2438 2437
2438 2436 2439
2439 2440 2438
2440 2439 2441
2441 2442 2440
2442 2441 2443
2443 2444 2442
2444 2443 2445
2445 2446 2444
2446 2445 2447
2447 2448 2446
2448 2447 2449
2450 2448 2449
2448 2450 2451
2452 2451 2450
2451 2452 2453
2454 2453 2452
2453 2454 2455
2454 2456 2455
2456 2454 2457
2458 2456 2457
2459 2460 2461
2460 2459 2462
2463 2462 2459
2462 2463 2464
2465 2464 2463
2464 2465 2466
2467 2466 2465
2466 2467 2468
2469 2468 2467
2468 2469 2470
2471 2470 2469
2470 2471 2472
2473 2472 2471
2472 2473 2474
2475 2474 2473
2474 2475 2476
2475 2477 2476
2478 2477 2475
2477 2478 2479
2479 2478 2480
2481 2479 2480
2482 2481 2480
2481 2482 2483
2482 2484 2483
2484 2482 2485
2485 2486 2484
2486 2485 2487
2487 2488 2486
2488 2487 2489
2460 2490 2461
2491 2492 2493
2494 2495 2496
2497 2495 2494
2498 2497 2494
2499 2497 2498
2498 2500 2499
2499 2500 2501
2501 2500 2502
2496 2495 2503
2504 2496 2503
2496 2504 2505
2505 2504 2506
2500 2507 2502
2507 2500 2508
2509 2510 2511
2512 2513 2514
2515 2514 2513
2514 2515 2516
2516 2517 2514
2518 2514 2517
2512 2514 2518
2517 2516 2519
2519 2520 2517
2521 2517 2520
2518 2517 2521
2520 2519 2522
2522 2523 2520
2523 2524 2520
2520 2524 2525
2521 2520 2525
2524 2526 2525
2526 2524 2527
2524 2528 2527
2524 2523 2528
2528 2529 2527
2530 2526 2527
2527 2531 2530
2527 2529 2531
2531 2532 2530
2532 2531 2533
2529 2533 2531
2534 2518 2521
2525 2535 2521
2536 2525 2526
2525 2536 2537
2537 2535 2525
2538 2530 2532
2532 2539 2538
2539 2532 2540
2540 2532 2541
2541 2532 2533
2540 2542 2539
2542 2540 2543
2530 2538 2544
2526 2544 2536
2544 2526 2530
2545 2542 2543
2542 2545 2546
2547 2546 2545
2546 2547 2548
2549 2548 2547
2548 2549 2550
2540 2541 2551
2543 2540 2551
2545 2552 2547
2552 2545 2553
2547 2554 2549
2554 2547 2552
2555 2549 2554
2549 2555 2556
2550 2549 2556
2545 2557 2553
2558 2557 2551
2557 2558 2559
2553 2557 2559
2557 2545 2543
2543 2551 2557
2551 2560 2558
2560 2551 2541
2541 2561 2560
2561 2541 2533
2533 2529 2561
2562 2556 2555
2563 2564 2565
2564 2563 2566
2564 2513 2565
2513 2564 2515
2565 2567 2563
2567 2565 2568
2513 2568 2565
2568 2513 2512
2569 2566 2563
2566 2569 2570
2571 2570 2569
2570 2571 2572
2571 2569 2573
2574 2572 2571
2572 2574 2575
2576 2575 2574
2575 2576 2577
2576 2574 2578
2576 2579 2577
2579 2576 2580
2581 2579 2580
2576 2578 2582
2580 2576 2582
2580 2582 2583
2580 2583 2581
2584 2571 2573
2585 2571 2584
2574 2571 2585
2578 2574 2585
2573 2569 2586
2563 2586 2569
2586 2563 2567
2587 2586 2567
2567 2588 2587
2588 2567 2568
2588 2568 2589
2589 2568 2590
2590 2568 2512
2590 2512 2591
2591 2512 2592
2592 2512 2518
2592 2518 2534
2587 2593 2586
2586 2593 2594
2594 2593 2595
2594 2595 2596
2596 2595 2597
2596 2597 2598
2597 2599 2598
2598 2599 2600
2601 2600 2599
2600 2601 2602
2603 2602 2601
2602 2603 2604
2605 2604 2603
2604 2605 2606
2606 2605 2607
2534 2521 2608
2521 2535 2608
2609 2610 2611
2610 2609 2612
2612 2609 2613
2614 2612 2613
2610 2615 2611
2614 2613 2616
2617 2614 2616
2617 2618 2614
2618 2617 2619
2620 2618 2619
2620 2619 2621
2622 2620 2621
2623 2620 2622
2620 2623 2624
2625 2624 2623
2624 2625 2626
2626 2625 2627
2625 2628 2627
2628 2629 2627
2629 2628 2630
2630 2631 2629
2631 2630 2632
2633 2631 2632
2633 2634 2631
2633 2635 2634
2635 2636 2634
2637 2636 2635
2637 2638 2636
2639 2638 2637
2637 2640 2639
2641 2639 2640
2640 2642 2641
2642 2643 2641
2644 2642 2640
2642 2644 2645
2646 2645 2644
2645 2646 2647
2644 2648 2646
2648 2644 2649
2640 2649 2644
2649 2640 2650
2645 2651 2642
2642 2651 2643
2652 2643 2651
2651 2645 2653
2647 2653 2645
2653 2654 2651
2652 2651 2654
2654 2655 2652
2655 2654 2656
2656 2657 2655
2657 2656 2658
2659 2657 2658
2657 2659 2660
2661 2660 2659
2662 2661 2659
2661 2662 2663
2663 2664 2661
2664 2663 2665
2660 2661 2666
2664 2666 2661
2667 2664 2665
2664 2667 2668
2667 2669 2668
2656 2670 2658
2658 2670 2659
2670 2656 2671
2672 2670 2671
2670 2672 2673
2673 2659 2670
2659 2673 2662
2671 2674 2672
2674 2671 2675
2675 2676 2674
2676 2675 2653
2654 2653 2675
2675 2656 2654
2656 2675 2671
2653 2647 2676
2668 2677 2664
2666 2664 2677
2678 2679 2680
2679 2678 2681
2681 2682 2679
2682 2681 2683
2683 2684 2682
2684 2683 2685
2685 2686 2684
2686 2685 2687
2680 2688 2678
2687 2689 2686
2689 2687 2690
2690 2691 2689
2691 2690 2692
2692 2693 2691
2694 2695 2696
2695 2694 2697
2698 2697 2694
2698 2694 2699
2699 2694 2700
2696 2700 2694
2700 2696 2701
2701 2702 2700
2703 2700 2702
2703 2699 2700
2702 2701 2704
2705 2695 2697
2706 2705 2697
2706 2707 2705
2708 2706 2697
2708 2697 2698
2709 2707 2706
2709 2706 2708
2709 2710 2707
2710 2709 2711
2711 2712 2710
2702 2713 2703
2713 2702 2714
2704 2714 2702
2715 2713 2714
2713 2715 2716
2717 2715 2714
2714 2704 2717
2715 2717 2718
2718 2719 2715
2719 2716 2715
2719 2718 2720
2720 2721 2719
2721 2722 2719
2716 2719 2722
2722 2721 2723
2724 2723 2721
2723 2724 2725
2726 2724 2721
2721 2720 2726
2724 2726 2727
2728 2724 2727
2724 2728 2729
2724 2730 2725
2730 2724 2729
2731 2730 2729
2729 2728 2732
2731 2729 2732
2732 2733 2731
2733 2732 2734
2734 2735 2733
2735 2734 2736
2737 2735 2736
2735 2737 2738
2739 2740 2741
2740 2742 2741
2742 2740 2743
2743 2744 2742
2744 2743 2745
2745 2746 2744
2746 2745 2747
2746 2747 2748
2749 2746 2748
2750 2749 2748
2749 2750 2751
2752 2751 2750
2751 2752 2753
2754 2753 2752
2753 2754 2755
2755 2754 2756
2757 2755 2756
2758 2757 2756
2758 2759 2757
2760 2759 2758
2759 2760 2761
2762 2761 2760
2761 2762 2763
2762 2764 2763
2764 2762 2765
2765 2766 2764
2766 2765 2767
2767 2768 2766
2766 2768 2769
2770 2769 2768
2771 2772 2773
2772 2771 2774
2772 2774 2775
2772 2775 2776
2775 2777 2776
2778 2776 2777
2778 2777 2779
2780 2778 2779
2780 2779 2781
2780 2781 2782
2782 2783 2780
2783 2782 2784
2784 2785 2783
2786 2785 2784
2786 2787 2785
2787 2786 2788
2787 2788 2789
2788 2790 2789
2790 2788 2791
2790 2791 2792
2747 2792 2791
2793 2794 2795
2795 2796 2793
2796 2795 2797
2797 2798 2796
2796 2798 2799
2800 2799 2798
2801 2800 2798
2798 2802 2801
2802 2803 2801
2798 2804 2802
2799 2805 2796
2806 2798 2797
2798 2806 2804
2805 2807 2796
2807 2793 2796
2807 2808 2793
2793 2808 2809
2810 2794 2809
2811 2810 2809
2793 2809 2794
2802 2804 2812
2804 2813 2812
2812 2813 2814
2815 2814 2813
2814 2815 2816
2817 2816 2815
2816 2817 2818
2819 2818 2817
2820 2821 2822
2821 2820 2823
2822 2824 2820
2824 2822 2825
2825 2826 2824
2826 2825 2827
2827 2828 2826
2828 2827 2829
2829 2830 2828
2830 2829 2831
2831 2832 2830
2832 2831 2833
2833 2834 2832
2834 2833 2835
2823 2836 2821
2836 2823 2837
2838 2836 2837
2839 2834 2835
2839 2840 2834
2841 2840 2839
2842 2840 2841
2842 2843 2840
2844 2843 2842
2845 2843 2844
2845 2846 2843
2847 2846 2845
2848 2846 2847
2848 2849 2846
2850 2849 2848
2850 2851 2849
2849 2851 2852
2853 2852 2851
2852 2853 2854
2855 2854 2853
2854 2855 2856
2855 2857 2856
2858 2859 2860
2859 2858 2861
2860 2862 2858
2862 2860 2863
2863 2864 2862
2861 2865 2859
2865 2861 2866
2867 2865 2866
2865 2867 2868
2867 2869 2868
2869 2867 2870
2870 2871 2869
2871 2870 2872
2872 2873 2871
2873 2872 2874
2874 2875 2873
2875 2874 2876
2877 2875 2876
2878 2864 2863
2879 2864 2878
2880 2879 2878
2879 2880 2881
2882 2881 2880
2881 2882 2883
2884 2883 2882
2883 2884 2885
2886 2885 2884
2885 2886 2887
2887 2886 2888
2889 2890 2891
2890 2889 2892
2892 2893 2890
2893 2892 2894
2894 2895 2893
2895 2894 2896
2896 2897 2895
2897 2896 2898
2898 2899 2897
2899 2898 2900
2900 2901 2899
2901 2900 2902
2902 2903 2901
2903 2902 2904
2905 2903 2904
2903 2905 2906
2906 2905 2907
2908 2906 2907
2909 2908 2907
2908 2909 2910
2910 2911 2908
2911 2910 2912
2912 2913 2911
2912 2914 2913
2915 2914 2912
2916 2914 2915
2914 2916 2917
2916 2918 2917
2919 2918 2916
2920 2918 2919
2918 2920 2921
2920 2922 2921
2922 2920 2923
2924 2922 2923
2922 2924 2925
2926 2925 2924
2925 2926 2927
2928 2927 2926
2927 2928 2929
2930 2931 2932
2931 2933 2932
2933 2931 2934
2933 2934 2935
2936 2931 2930
2936 2930 2937
2938 2936 2937
2938 2937 2939
2938 2939 2940
2938 2940 2941
2942 2941 2940
2943 2941 2942
2943 2942 2944
2945 2943 2944
2943 2945 2946
2946 2945 2947
2946 2947 2948
2948 2947 2949
2948 2949 2950
2951 2950 2949
2951 2952 2950
2951 2953 2952
2954 2771 2773
2955 2956 2957
2956 2958 2957
2959 2958 2956
2955 2959 2956
2958 2959 2960
2959 2955 2961
2959 2962 2960
2962 2959 2963
2961 2963 2959
2963 2964 2962
2964 2963 2965
2965 2966 2964
2966 2965 2967
2968 2967 2965
2967 2968 2969
2970 2966 2967
2969 2970 2967
2966 2970 2971
2972 2971 2970
2971 2972 2973
2649 2973 2972
2973 2649 2650
2974 2649 2972
2649 2974 2648
2972 2975 2974
2975 2972 2970
2970 2969 2975
2965 2976 2968
2976 2965 2963
2963 2961 2976
2977 2978 2979
2978 2977 2980
2979 2981 2977
2981 2979 2982
2982 2983 2981
2983 2982 2984
2985 2983 2984
2983 2985 2986
2987 2986 2985
2986 2987 2988
2980 2989 2978
2989 2980 2990
2991 2988 2987
2988 2991 2992
2993 2992 2991
2992 2993 2994
2995 2994 2993
2994 2995 2996
2996 2995 2997
2998 2999 3000
2999 2998 3001
3000 3002 2998
3002 3000 3003
3004 3002 3003
3005 3006 3007
3006 3005 3008
3005 3009 3008
3009 3005 3010
3010 3011 3009
3011 3010 3012
3012 3013 3011
3013 3012 3014
3014 3015 3013
3015 3014 3016
3017 3007 3006
3018 3015 3016
3015 3018 3019
3020 3019 3018
3019 3020 3021
3020 3022 3021
3022 3020 3023
3024 3022 3023
3025 3026 3027
3025 2891 3026
2891 3025 2889
3028 3029 3030
3028 3031 3029
3031 3028 3032
3032 3033 3031
3033 3032 3034
3034 3035 3033
3035 3034 3036
3036 3037 3035
3037 3036 3038
3039 3037 3038
3039 3040 3037
3039 3041 3040
3040 3041 3042
3041 3043 3042
3044 3043 3041
3043 3044 3045
3045 3044 3046
3044 3047 3046
3046 3047 3048
3049 3050 3051
3050 3049 3052
3052 3053 3050
3053 3052 3054
3054 3055 3053
3055 3054 3056
3056 3057 3055
3057 3056 3058
3051 3059 3049
3059 3051 3060
3058 3061 3057
3061 3058 3062
3062 3063 3061
3063 3062 3064
3064 3065 3063
3065 3064 3066
3067 3065 3066
3060 3068 3059
3068 3060 3069
3060 3070 3069
3070 3071 3069
3071 3068 3069
3071 3070 3072
3072 3073 3071
3073 3072 3074
3074 3075 3073
3075 3074 3076
3068 3071 3077
3073 3077 3071
3077 3073 3078
3075 3078 3073
3075 3079 3078
3076 3080 3075
3080 3076 3081
3081 3082 3080
3083 3080 3082
3082 3081 3084
3084 3085 3082
3085 3084 3086
3086 3087 3085
3087 3086 3088
3080 3089 3075
3083 3089 3080
3075 3089 3079
3088 3090 3087
3090 3088 3091
3091 3092 3090
3092 3091 3093
3093 3094 3092
3094 3093 3095
3094 3095 3096
3096 3097 3094
3094 3098 3092
3098 3094 3097
3092 3099 3090
3099 3092 3098
3099 3087 3090
3099 3100 3087
3085 3087 3100
3101 3085 3100
3082 3085 3101
3101 3083 3082
3102 3103 3104
3105 3106 3107
3108 3106 3105
3109 3108 3105
3108 3109 3110
3110 3109 3111
3106 3112 3107
3112 3106 3113
3113 3114 3112
3114 3113 3115
3115 3116 3114
3116 3115 3117
3117 3118 3116
3116 3118 3119
3120 3121 3122
3121 3120 3123
3123 3124 3121
3124 3123 3125
3125 3126 3124
3126 3125 3127
3127 3128 3126
3128 3127 3129
3129 3130 3128
3130 3129 3131
3131 3132 3130
3132 3131 3133
3134 3120 3122
3133 3135 3132
3135 3133 3136
3137 3135 3136
3138 3139 3140
3141 3139 3138
3139 3141 3142
3143 3142 3141
3142 3143 3144
3144 3143 3145
3144 3145 3146
3147 3146 3145
3148 3146 3147
3148 3147 3149
3148 3149 3150
3151 3152 3153
3152 3154 3153
3153 3154 3155
3156 3155 3154
3156 3157 3155
3157 3156 3158
3157 3158 3159
3159 3160 3157
3160 3159 3161
3162 3160 3161
3163 3162 3161
3163 3164 3162
3165 3164 3163
3166 3167 3168
3166 3169 3167
3169 3166 3170
3171 3169 3170
3169 3171 3172
3173 3172 3171
3172 3173 3174
3175 3174 3173
3176 3177 3178
3178 3179 3176
3180 3176 3179
3180 3179 3181
3181 3182 3180
3176 3183 3177
3183 3184 3177
3183 3185 3184
3186 3184 3185
3187 3188 3189
3190 3191 3192
3193 2252 2250
2252 3193 2267
3193 2250 2264
3194 3195 3196
3197 3195 3194
3195 3197 3198
3199 3198 3197
3198 3199 3200
3201 3200 3199
3200 3201 3202
3203 3202 3201
3202 3203 3204
3205 3204 3203
3204 3205 3206
3207 3206 3205
3206 3207 3208
3209 3208 3207
3208 3209 3210
3211 3210 3209
3210 3211 3212
3213 3212 3211
3212 3213 3214
3215 3214 3213
3214 3215 3216
3215 3217 3216
3218 3219 3220
3219 3218 3221
3222 3220 3219
3220 3222 3223
3224 3223 3222
3223 3224 3225
3226 3225 3224
3225 3226 3227
3228 3227 3226
3227 3228 3229
3230 3221 3218
3221 3230 3231
3232 3231 3230
3231 3232 3233
3234 3233 3232
3233 3234 3235
3234 3236 3235
3237 3229 3228
3229 3237 3238
3237 3239 3238
3239 3237 3240
3240 3241 3239
3242 3243 3244
3243 3242 3245
3244 3246 3242
3246 3244 3247
3247 3248 3246
3248 3247 3249
3249 3250 3248
3250 3249 3251
3251 3252 3250
3252 3251 3253
3253 3254 3252
3254 3253 3255
3255 3256 3254
3256 3255 3257
3257 3258 3256
3258 3257 3259
3258 3259 3260
3261 3245 3262
3245 3261 3243
3263 3261 3262
3261 3263 3264
3263 3265 3264
3266 3267 3268
3267 3266 3269
3270 3268 3267
3268 3270 3271
3272 3271 3270
3271 3272 3273
3272 3274 3273
3274 3272 3275
3275 3276 3274
3276 3275 3277
3277 3278 3276
3278 3277 3279
3279 3280 3278
3280 3279 3281
3281 3282 3280
3282 3281 3283
3283 3284 3282
3284 3283 3285
3285 3286 3284
3286 3285 3287
3287 3288 3286
3288 3287 3289
3289 3290 3288
3290 3289 3291
3291 3292 3290
3292 3291 3293
3293 3294 3292
3290 3295 3288
3295 3290 3296
3292 3296 3290
3297 3288 3295
3288 3297 3286
3298 3286 3297
3286 3298 3284
3299 3284 3298
3284 3299 3282
3300 3282 3299
3282 3300 3280
3301 3280 3300
3280 3301 3278
3302 3278 3301
3278 3302 3276
3303 3276 3302
3276 3303 3274
3304 3274 3303
3274 3304 3273
3305 3273 3304
3273 3305 3271
3268 3271 3305
3306 3307 3308
3309 3307 3306
3310 3309 3306
3309 3310 3311
3306 3312 3310
3312 3306 3313
3308 3313 3306
3313 3314 3312
3314 3313 3315
3313 3316 3315
3313 3308 3316
3315 3316 3317
3315 3318 3314
3318 3315 3319
3315 3317 3319
3319 3320 3318
3320 3319 3321
3319 3322 3321
3319 3317 3322
3321 3323 3320
3323 3321 3324
3321 3325 3324
3321 3322 3325
3324 3326 3323
3326 3324 3327
3324 3328 3327
3324 3325 3328
3327 3329 3326
3329 3327 3330
3327 3331 3330
3327 3328 3331
3330 3332 3329
3332 3330 3333
3330 3334 3333
3330 3331 3334
3333 3335 3332
3335 3333 3336
3333 3337 3336
3333 3334 3337
3336 3338 3335
3338 3336 3339
3336 3337 3339
3337 3340 3339
3339 3340 3341
3342 3339 3341
3339 3342 3338
3341 3343 3342
3343 3341 3344
3344 3345 3343
3345 3344 3346
3346 3347 3345
3347 3346 3348
3349 3348 3346
3344 3349 3346
3350 3349 3344
3340 3350 3341
3341 3350 3344
3351 3352 3353
3354 3351 3353
3355 3353 3352
3353 3355 3356
3357 3356 3355
3356 3357 3358
3359 3356 3358
3356 3359 3360
3353 3360 3354
3360 3353 3356
3358 3361 3359
3361 3358 3362
3362 3311 3361
3311 3362 3309
3362 3363 3309
3358 3364 3362
3362 3364 3363
3358 3357 3364
3309 3363 3307
3365 3366 3367
3368 3365 3367
3365 3368 3369
3370 3369 3368
3369 3370 3371
3372 3371 3370
3371 3372 3373
3374 3373 3372
3373 3374 3375
3269 3375 3374
3375 3269 3266
3296 3292 3376
3377 3378 3379
3380 3379 3378
3379 3380 3381
3382 3379 3381
3379 3382 3383
3377 3379 3383
3384 3381 3380
3381 3384 3385
3385 3382 3381
3386 3385 3384
3385 3386 3387
3387 3388 3385
3382 3385 3388
3388 3387 3389
3390 3387 3386
3387 3390 3391
3391 3389 3387
3392 3391 3390
3391 3392 3393
3393 3394 3391
3389 3391 3394
3394 3393 3395
3396 3393 3392
3393 3396 3397
3397 3395 3393
3398 3397 3396
3397 3398 3399
3399 3400 3397
3395 3397 3400
3400 3399 3401
3402 3399 3398
3399 3402 3403
3403 3401 3399
3402 3404 3403
3404 3402 3405
3405 3406 3404
3406 3405 3407
3404 3408 3403
3401 3403 3408
3408 3404 3409
3406 3409 3404
3409 3406 3410
3407 3411 3406
3411 3410 3406
3411 3407 3412
3412 3413 3411
3413 3414 3411
3410 3411 3414
3414 3413 3415
3413 3412 3416
3416 3417 3413
3417 3415 3413
3417 3416 3418
3418 3419 3417
3419 3420 3417
3415 3417 3420
3421 3422 3423
3422 3424 3423
3424 3422 3425
3426 3424 3425
3424 3426 3427
3428 3427 3426
3427 3428 3429
3428 3430 3429
3430 3428 3431
3431 3432 3430
3432 3431 3433
3433 3434 3432
3434 3433 3435
3435 3436 3434
3436 3435 3437
3437 3438 3436
3438 3437 3439
3439 3440 3438
3440 3439 3441
3441 3442 3440
3442 3441 3443
3443 3444 3442
3444 3443 3445
3445 3446 3444
3446 3445 3447
3447 3448 3446
3448 3447 3449
3450 3448 3449
3451 3452 3453
3452 3451 3454
3455 3453 3452
3453 3455 3456
3457 3456 3455
3456 3457 3458
3459 3454 3451
3454 3459 3460
3461 3460 3459
3460 3461 3462
3463 3462 3461
3462 3463 3464
3465 3464 3463
3464 3465 3466
3467 3466 3465
3466 3467 3468
3460 3469 3454
3470 3454 3469
3454 3470 3452
3470 3455 3452
3455 3470 3471
3469 3460 3472
3462 3472 3460
3472 3462 3473
3464 3473 3462
3473 3464 3474
3466 3474 3464
3474 3466 3475
3468 3475 3466
3475 3468 3476
3477 3476 3468
3477 3468 3467
3471 3457 3455
3457 3471 3478
3479 3457 3478
3479 3458 3457
3480 3481 3482
3481 3480 3483
3482 3484 3480
3484 3482 3485
3485 3486 3484
3486 3485 3487
3487 3488 3486
3488 3487 3489
3489 3490 3488
3490 3489 3491
3491 3492 3490
3492 3491 3493
3493 3494 3492
3494 3493 3495
3495 3496 3494
3496 3495 3497
3498 3496 3497
3481 3483 3499
