byte offset: 0
first index: 122247
index count: 11346
topology: trianglelist
format: DXGI_FORMAT_R16_UINT

19276 19316 19297
19286 19297 19316
19288 19297 19300
19305 19289 19308
19289 19280 19308
19304 19290 19303
19290 19304 19298
19294 19293 19305
19273 19310 19306
19295 19270 19296
19276 19288 19313
19313 19300 19314
19300 19313 19288
19290 19283 19299
19283 19290 19280
19299 19279 19282
19279 19299 19283
19302 19282 19301
19282 19302 19299
19303 19299 19302
19299 19303 19290
19274 19297 19286
19297 19274 19287
19287 19300 19297
19300 19287 19275
19275 19314 19300
19314 19275 19315
19278 19302 19301
19302 19278 19284
19277 19302 19284
19302 19277 19303
19291 19303 19277
19303 19291 19304
19272 19292 19307
19272 19305 19292
19294 19305 19272
19269 19293 19294
19308 19292 19305
19295 19296 19271
19293 19269 19268
19316 19273 19306
19295 19271 19311
19311 19271 19312
19276 19285 19316
19292 19298 19304
19307 19292 19304
19307 19304 19291
19306 19286 19316
19308 19298 19292
19298 19280 19290
19280 19298 19308
19286 19309 19274
19310 19295 19306
19306 19295 19311
19286 19306 19311
19286 40651 19309
19286 19311 19312
19279 19313 19282
19314 19282 19313
19282 19314 19301
19315 19301 19314
19301 19315 19278
19276 19313 19281
19279 19281 19313
19285 19273 19316
19276 19297 19288
19325 19346 19365
19335 19365 19346
19337 19349 19346
19354 19357 19338
19338 19357 19329
19339 19353 19352
19353 19339 19347
19343 19354 19342
19322 19355 19359
19344 19345 19319
19325 19362 19337
19362 19349 19337
19349 19362 19363
19332 19339 19348
19339 19332 19329
19328 19348 19331
19348 19328 19332
19331 19351 19350
19351 19331 19348
19348 19352 19351
19352 19348 19339
19323 19346 19336
19346 19323 19335
19336 19349 19324
19349 19336 19346
19363 19324 19349
19324 19363 19364
19327 19351 19333
19351 19327 19350
19351 19326 19333
19326 19351 19352
19352 19340 19326
19340 19352 19353
19321 19356 19341
19321 19341 19354
19354 19343 19321
19318 19343 19342
19357 19354 19341
19344 19320 19345
19342 19317 19318
19365 19355 19322
19344 19360 19320
19360 19361 19320
19325 19365 19334
19341 19353 19347
19356 19353 19341
19356 19340 19353
19355 19365 19335
19357 19341 19347
19347 19329 19357
19329 19347 19339
19335 19323 19358
19359 19355 19344
19355 19360 19344
19335 19360 19355
19335 19358 40652
19335 19361 19360
19328 19331 19362
19363 19331 19350
19331 19363 19362
19364 19350 19327
19350 19364 19363
19325 19330 19362
19328 19362 19330
19334 19365 19322
19325 19337 19346
40653 19389 19377
19390 19377 19389
19377 19390 19371
19371 19372 19377
19372 19371 19376
19391 19371 19390
19371 19391 19373
19373 19376 19371
19376 19373 19368
19378 19391 19392
19391 19378 19373
19378 19393 19374
19393 19378 19392
19380 19374 19369
19374 19380 19378
19368 19378 19380
19378 19368 19373
19374 19394 19379
19394 19374 19393
19375 19394 19395
19394 19375 19379
19369 19379 19381
19379 19369 19374
40654 19372 19384
19376 19384 19372
19384 19376 19385
19368 19385 19376
19385 19368 19386
19369 19367 19388
19386 19380 19387
19380 19386 19368
19369 19382 19367
19370 19379 19375
19379 19370 19381
19366 19381 19383
19381 19366 19382
19381 19382 19369
19383 19381 19370
19380 19388 19387
19369 19388 19380
40654 40655 19372
19372 40653 19377
19396 19398 19397
19414 19422 19427
19422 19414 19403
19427 19404 19408
19404 19427 19422
19415 19438 19428
19438 19415 19439
19428 19440 19411
19440 19428 19438
19434 19401 19412
19401 19434 19433
19441 19429 19442
19429 19441 19408
19429 19409 19442
19400 19430 19425
19430 19400 19411
19425 19412 19401
19412 19425 19430
19408 19424 19429
19424 19408 19404
19429 19405 19409
19405 19429 19424
19432 19409 19405
19409 19432 19431
19411 19443 19430
19443 19411 19440
19430 19444 19412
19444 19430 19443
19446 19437 19434
19437 19446 19445
19444 19434 19412
19434 19444 19446
19459 19409 19431
19418 19447 19416
19447 19418 19448
19418 19403 19414
19420 19449 19419
19449 19420 19450
19416 19450 19420
19450 19416 19447
19451 19419 19449
19452 19419 19453
19421 19454 19417
19454 19421 19455
19419 19455 19421
19455 19419 19452
19456 19417 19454
19417 19456 19426
19415 19426 19456
19399 19428 19423
19428 19399 19415
19423 19411 19400
19411 19423 19428
19457 19427 19458
19427 19457 19414
19458 19408 19441
19408 19458 19427
40656 19421 19420
19417 19420 19421
19420 19417 19416
40657 40658 40659
40658 40657 40660
40659 40661 40662
40661 40659 40658
40662 40663 40664
40663 40662 40661
40664 40665 40666
40665 40664 40663
40666 40667 40668
40667 40666 40665
19416 19426 19418
19426 19416 19417
19418 40660 40657
40660 19418 19426
19431 19410 19435
19410 19432 19406
19432 19410 19431
40669 40667 19402
40667 40669 40668
19448 19414 19457
19448 19418 19414
19415 19399 19426
19415 19456 19439
19431 19435 19407
19431 19407 19459
19459 19442 19409
19434 40670 19433
40670 19434 19437
19437 19436 40670
19437 19413 19436
19445 19413 19437
19413 19445 19460
40671 19451 40672
19451 40671 19453
19419 19451 19453
19466 19514 19521
19527 19493 19494
19522 19493 19467
19489 19524 19495
19497 19496 19508
19496 19497 19461
19496 19462 19508
19508 19462 19468
19508 19491 19518
19498 19493 19463
19493 19498 19494
19521 19494 19498
19495 19464 19499
19464 19495 19462
19493 19499 19463
19499 19493 19495
19465 19492 19512
19492 19464 19509
19509 19462 19496
19500 19509 19496
40673 40674 19501
19469 40674 40675
40674 19469 19501
40675 19502 19469
19502 40675 40676
19470 40676 40677
40676 19470 19502
19503 40677 40678
19471 19503 40678
19479 19517 19516
19476 19480 19526
19505 19523 19476
19477 19525 19505
19510 19507 19519
19490 19481 19510
19510 19477 19506
19506 19507 19510
19507 19506 19478
19476 19482 19474
19482 19476 19504
19483 19477 19505
19477 19483 19475
19474 19505 19476
19505 19474 19483
19485 19506 19511
19506 19485 19478
19506 19477 19511
19511 19477 19475
19473 19511 19484
19511 19473 19485
40679 40680 19515
40680 40679 19479
19527 19480 40681
19480 19527 19526
19523 40681 19480
40681 19523 40682
40683 19488 40684
19488 40683 40685
40686 40687 19520
19512 19509 19513
19509 19464 19462
19508 19468 19491
19511 19475 19484
19510 19481 19477
19513 19509 19500
19500 19496 19461
19512 19492 19509
19466 40688 19514
19472 19517 19479
19514 19494 19521
19514 19487 19494
19487 19514 40688
40689 40680 19486
40680 40689 19515
40690 19517 19504
19517 40690 19516
19472 19504 19517
19482 19504 19472
19497 19508 19518
19490 19510 19519
40686 19520 40691
40687 40692 19520
40685 19523 19488
19523 40685 40682
19524 19462 19495
40686 40684 40687
40684 40686 40683
19524 19468 19462
19523 19480 19476
19505 19488 19523
19525 19488 19505
19477 19481 19525
19522 19489 19495
19522 19495 19493
40689 19526 19527
19526 40689 19486
19504 19526 40690
19504 19476 19526
19527 19467 19493
19487 19527 19494
19537 19528 19530
19528 19537 19536
19536 19537 19544
19530 19532 19533
19532 19530 19528
19539 19534 19535
19534 19539 19538
40693 19538 19539
19538 40693 40694
19540 19529 19542
19535 19540 19541
19540 19535 19534
19541 19540 19542
19531 19541 19543
19542 19543 19541
19575 19556 19576
19556 19575 19548
19546 19548 19549
19548 19546 19545
19558 19549 19557
19549 19558 19546
19547 19557 19550
19557 19547 19558
19548 19575 19577
19577 19549 19548
19549 19577 19578
19579 19549 19578
19549 19579 19557
19550 19579 19580
19579 19550 19557
19547 19552 19554
19554 19553 19551
19553 19554 19552
19550 19559 19552
19559 19582 19555
19582 19559 19581
19552 19555 19553
19555 19552 19559
19583 40695 19584
19584 19560 19585
19564 19585 19560
19585 19564 19586
19586 19561 19587
19561 19586 19564
19587 19565 19588
19588 19562 19589
19562 19588 19565
19583 40696 40697
40695 19583 40697
19560 40695 40698
19564 40698 40699
40698 19564 19560
19561 40699 40700
40699 19561 19564
40700 19566 19561
19566 40701 19563
40701 19566 40702
19565 19563 19562
19563 19565 19566
19561 19566 19565
19568 19563 19570
19563 19568 19562
19567 19563 40701
19563 19567 19570
19562 19574 19589
40703 19553 19572
19553 40703 19551
40703 19572 19571
19573 19553 19555
19553 19573 19572
19571 19573 19569
19573 19571 19572
19591 19573 19590
19573 19591 19569
19590 19555 19582
19555 19590 19573
19562 19568 19574
19547 19550 19552
19559 19580 19581
19550 19580 19559
40700 40702 19566
19587 19561 19565
19584 40695 19560
19556 19548 19545
19603 19593 19594
19593 19603 19626
19592 19593 19626
19592 19626 19627
19604 19626 19603
19626 19604 19627
19629 19594 19597
19594 19629 19603
19597 19595 19628
19629 19597 19628
19603 19630 19604
19630 19603 19629
19608 19629 19607
19629 19608 19630
19613 19609 19625
19633 19631 19645
19631 19633 19639
19645 19598 19596
19598 19645 19631
19632 19596 19600
19596 19632 19645
19610 19645 19632
19645 19610 19633
19636 19634 19646
19634 19636 19640
19646 19639 19633
19639 19646 19634
19610 19646 19633
19646 19610 19635
19635 19636 19646
19636 19635 19611
19637 19642 19641
19642 19637 19638
19616 19638 19637
19638 19616 19612
19639 19628 19631
19628 19639 19607
19631 19595 19598
19595 19631 19628
19634 19608 19607
19643 19610 19632
19610 19643 19601
19600 19599 19657
19644 19611 19635
19611 19644 19658
19601 19635 19610
19635 19601 19644
19649 19612 19616
19612 19649 19650
19621 19659 19592
19604 19621 19627
19621 19604 19605
19630 19608 19613
19605 19630 19625
19630 19605 19604
19608 19620 19613
19611 19622 19636
19622 19611 19619
19636 19620 19640
19620 19636 19622
19658 19619 19611
19619 19658 19647
19614 19637 19624
19637 19614 19616
19624 19641 19623
19641 19624 19637
19648 19616 19614
19616 19648 19649
19647 40704 19619
40704 19647 40705
40706 19619 40704
19619 40706 19622
19622 40707 19620
40707 19622 40706
19647 19651 19618
40705 19652 19615
19655 19650 19649
19650 19655 19656
19629 19628 19607
19608 19640 19620
19634 19607 19639
19634 19640 19608
19602 19651 19647
19618 19652 19647
19647 19652 40705
19649 40708 19655
40708 19649 19648
40708 19654 19655
19655 19654 19617
19656 19617 19653
19617 19656 19655
19656 19653 19606
19632 19657 19643
19632 19600 19657
19602 19647 19658
19644 19602 19658
19613 19620 40707
19641 19613 19623
19641 19609 19613
19642 19609 19641
19659 19660 19592
19592 19627 19621
19630 19613 19625
19664 19723 19661
19723 19664 19724
19769 19726 19725
19726 19769 19768
19728 19725 19726
19725 19728 19727
19662 19727 19728
19727 19662 19663
19777 19730 19729
19730 19777 19776
19666 19729 19730
19729 19666 19665
19732 19665 19666
19665 19732 19731
19669 19731 19732
19731 19669 19670
19734 19670 19669
19670 19734 19733
19668 19733 19734
19733 19668 19667
19671 19735 19736
19735 19671 19709
19736 19724 19664
19724 19736 19735
19766 19737 19767
19737 19738 19742
19739 19738 19737
19741 19742 19738
19742 19741 19686
19681 19738 19674
19738 19681 19741
19675 19683 19682
19744 19743 19754
19743 19744 19676
19685 19754 19695
19754 19685 19744
19696 19748 19745
19745 19747 19788
19786 19747 19745
19761 19678 19749
19678 19761 19750
40709 19751 40710
19751 40709 19680
19752 19749 19678
19749 19752 19708
19744 19698 19755
19698 19744 19685
19676 19755 19697
19755 19676 19744
19697 19773 19772
19773 19697 19755
19755 19774 19773
19774 19755 19698
19780 19700 19699
19700 19780 19779
19746 19699 19700
19699 19746 19677
40710 19679 40711
19679 40710 19751
40712 19680 40709
19680 40712 19753
19740 19770 19800
19683 19675 19701
19663 19701 40713
19701 19663 19702
19703 19700 19756
19700 19703 19746
40714 19756 40715
19756 40714 19703
40715 19778 40716
19778 40715 19756
19756 19779 19778
19779 19756 19700
19757 40717 19704
40717 19757 40718
19703 40718 19757
40718 19703 40714
19746 19757 19745
19757 19746 19703
19696 19745 19757
19706 19705 40719
40719 19705 40720
19695 19706 19685
19706 19695 19705
40721 19758 40722
19758 40721 19775
19706 40722 19758
40722 19706 40723
19685 19758 19698
19758 19685 19706
19775 19698 19758
19698 19775 19774
19707 19728 19759
19728 19707 40724
19686 19759 19742
19759 19686 19707
19767 19737 19760
19760 19726 40725
19726 19759 19728
19759 19726 19760
19759 19760 19742
19708 40726 19749
40726 19708 40727
19816 19750 19761
19709 19761 40728
40728 19749 40726
19749 40728 19761
19771 19740 19710
19740 19771 19770
19799 40729 19688
40729 19799 19798
19688 19682 19689
19682 19688 40729
19789 19747 19711
19747 19789 19788
19787 19693 19694
19693 19787 19786
19692 40730 19712
40730 19692 19680
19687 40731 19713
40731 19687 40732
19713 19680 19692
19680 19713 40731
19781 40733 19714
40733 19781 40734
19714 19677 19690
19677 19714 40733
19783 19716 19715
19716 19783 19782
19717 19795 19762
19795 19717 19792
19672 19762 19718
19762 19672 19717
19718 19754 19743
19754 19718 19762
40720 19705 19763
19763 19719 19810
19793 19763 19794
19763 19793 19719
19705 19695 19794
19720 19721 19764
19721 19720 19684
40735 19764 40736
19764 40735 19807
40736 19704 40717
19704 40736 19764
19721 19704 19764
19673 19784 19804
19765 19791 19790
19765 19748 19791
40737 19693 19748
19765 40738 40737
19721 19696 19704
19704 19696 19757
19748 19693 19786
19708 19766 19767
19766 19708 19752
40727 19767 40725
19767 40727 19708
19768 19661 19723
19661 19768 19769
19753 40739 19770
40739 19753 40712
19770 19712 40730
19712 19770 19771
19683 19701 19702
19802 19740 19800
19740 19802 19796
19772 19741 19681
19741 19772 19773
19773 19686 19741
19686 19773 19774
19774 19707 19686
19707 19774 19775
19775 40724 19707
40724 19775 40721
19776 19663 19662
19663 19776 19777
40716 19702 19663
19702 40716 19778
19778 19683 19702
19683 19778 19779
19779 19682 19683
19682 19779 19780
40734 19689 19682
19689 40734 19781
40720 19763 40740
40723 19706 40719
19739 19674 19738
19737 19742 19760
19767 19760 40725
19766 19739 19737
19694 19782 19783
19782 19694 19693
19784 19715 19716
19715 19784 19785
19711 19786 19787
19786 19711 19747
19788 19690 19677
19690 19788 19789
19788 19677 19746
19745 19788 19746
19745 19748 19786
19748 19765 40737
40741 40738 19765
19791 19684 19790
19696 19721 19791
19748 19696 19791
19754 19762 19795
19792 19794 19795
19794 19792 19793
19794 19695 19795
19705 19794 19763
19695 19754 19795
19710 19796 19797
19796 19710 19740
19799 19796 19798
19796 19799 19797
19800 40742 19802
40739 40742 19800
19770 40739 19800
40743 19701 19675
19701 40743 19801
40713 19701 19801
19796 19801 40743
19801 19796 19802
40742 40713 19802
40713 19801 19802
19765 19803 40744
19784 19673 19691
19784 19691 19785
19673 40745 19722
19673 19804 40745
19765 40746 19803
19765 40744 40741
40746 19765 19790
19791 19721 19684
19805 19808 19667
19806 19805 19667
19667 19668 19806
19806 19668 19812
19812 19810 19811
19811 19809 19812
19667 19808 40747
19763 19810 19812
40748 40740 19763
19720 19764 19807
19763 19812 40748
19809 19806 19812
19816 19761 19709
40711 19815 19709
19679 40749 40711
19709 19815 19816
19679 19814 40749
19817 40749 19814
19679 19813 19814
19813 19679 19687
19813 40750 40751
19819 19828 19826
19828 19819 19818
19829 19843 19825
19827 19818 19819
19818 19827 19831
19831 19845 19822
19845 19831 19827
19825 19843 19821
19835 19837 19836
19837 19835 19838
19838 19833 19834
19833 19838 19835
19829 19844 19843
19836 19826 19828
19826 19836 19837
19829 19834 19833
19834 19829 19825
19843 19839 19821
19843 19832 19839
19843 19840 19832
19843 19824 19840
19844 19841 19824
19844 19830 19841
19844 19842 19830
19844 19820 19842
19824 19843 19844
19823 19822 19845
40752 19857 19869
19870 19857 19851
19857 19870 19869
19851 19852 19856
19852 19851 19857
19871 19851 19853
19851 19871 19870
19853 19856 19848
19856 19853 19851
19858 19871 19853
19871 19858 19872
19873 19858 19854
19858 19873 19872
19854 19860 19849
19860 19854 19858
19858 19848 19860
19848 19858 19853
19874 19854 19859
19854 19874 19873
19855 19874 19859
19874 19855 19875
19849 19859 19854
19859 19849 19861
40753 19864 19852
19856 19864 19865
19864 19856 19852
19848 19865 19866
19865 19848 19856
19849 19868 19847
19866 19860 19848
19860 19866 19867
19849 19847 19862
19850 19859 19861
19859 19850 19855
19846 19863 19861
19861 19862 19846
19861 19849 19862
19863 19850 19861
19860 19867 19868
19849 19860 19868
40753 19852 40754
19852 19857 40752
19876 19877 19878
19894 19902 19883
19902 19894 19907
19884 19907 19888
19907 19884 19902
19895 19918 19919
19918 19895 19908
19920 19908 19891
19908 19920 19918
19914 19881 19913
19881 19914 19892
19921 19909 19888
19909 19921 19922
19909 19922 19889
19880 19910 19891
19910 19880 19905
19892 19905 19881
19905 19892 19910
19888 19904 19884
19904 19888 19909
19885 19909 19889
19909 19885 19904
19889 19912 19885
19912 19889 19911
19891 19923 19920
19923 19891 19910
19924 19910 19892
19910 19924 19923
19926 19917 19925
19917 19926 19914
19924 19914 19926
19914 19924 19892
19939 19911 19889
19898 19927 19928
19927 19898 19896
19898 19894 19883
19900 19929 19930
19929 19900 19899
19896 19930 19927
19930 19896 19900
19931 19929 19899
19932 19933 19899
19901 19934 19935
19934 19901 19897
19899 19935 19932
19935 19899 19901
19897 19936 19934
19936 19897 19906
19895 19936 19906
19879 19908 19895
19908 19879 19903
19891 19903 19880
19903 19891 19908
19937 19907 19894
19907 19937 19938
19888 19938 19921
19938 19888 19907
40755 19900 19901
19897 19900 19896
19900 19897 19901
40756 40757 40758
40757 40756 40759
40760 40759 40761
40759 40760 40757
40761 40762 40760
40762 40761 40763
40764 40763 40765
40763 40764 40762
40766 40765 40767
40765 40766 40764
19896 19906 19897
19906 19896 19898
40758 19898 40756
19898 40758 19906
19911 19915 19890
19890 19912 19911
19912 19890 19886
40768 40766 40767
40766 40768 19882
19928 19937 19894
19928 19894 19898
19895 19906 19879
19895 19919 19936
19911 19887 19915
19911 19939 19887
19939 19889 19922
19914 40769 19917
40769 19914 19913
19917 40769 19916
19917 19916 19893
19925 19893 19940
19893 19925 19917
40770 19931 19933
19931 40770 40771
19899 19933 19931
19946 20001 19994
20007 19974 19973
20002 19947 19973
19969 19975 20004
19976 19977 19988
19977 19976 19941
19976 19988 19942
19988 19948 19942
19988 19998 19971
19973 19978 19943
19978 19973 19974
20001 40772 40773
19975 19944 19942
19944 19975 19979
19979 19973 19943
19973 19979 19975
19945 19992 19972
19972 19989 19944
19989 19976 19942
19980 19976 19989
40774 19981 40775
19949 40776 40777
40776 19949 40778
40778 19982 40779
19982 40778 19949
40779 19950 40780
19950 40779 19982
19983 40780 19950
40781 40782 19951
19959 19996 19997
19956 20006 19960
19985 19956 20003
19957 19985 20005
19990 19999 19987
19970 19990 19961
19990 19986 19957
19986 19987 19958
19987 19986 19990
19956 19962 19984
19962 19956 19954
19957 19963 19985
19963 19957 19955
19954 19985 19963
19985 19954 19956
19986 19965 19991
19965 19986 19958
19986 19991 19957
19991 19955 19957
19991 19953 19964
19953 19991 19965
40783 40784 19995
40784 40783 19959
19960 20007 40785
20007 19960 20006
20003 40785 40786
40785 20003 19960
40787 19968 40788
19968 40787 40789
40790 20000 40791
19992 19993 19989
19989 19942 19944
19988 19971 19948
19991 19964 19955
19990 19957 19961
19993 19980 19989
19980 19941 19976
19992 19989 19972
40792 40793 40794
19952 19959 19997
19994 20001 40773
19967 40793 19974
40793 19967 40794
40795 40783 19995
40783 40795 19966
40796 19997 19996
19997 40796 19984
19952 19997 19984
19962 19952 19984
19977 19998 19988
19970 19999 19990
40790 40797 20000
40791 20000 40798
40788 20003 40786
20003 40788 19968
20004 19975 19942
40790 40789 40787
40789 40790 40791
20004 19942 19948
20003 19956 19960
19985 20003 19968
20005 19985 19968
19957 20005 19961
20002 19975 19969
20002 19973 19975
20006 40795 20007
40795 20006 19966
19984 40796 20006
19984 20006 19956
20007 19973 19947
19967 19974 20007
20017 20008 20016
20008 20017 20010
20016 20024 20017
20010 20012 20008
20012 20010 20013
20019 20014 20018
20014 20019 20015
40799 20018 40800
20018 40799 20019
20020 20022 20009
20015 40801 20014
40801 20015 20021
20021 40802 40801
20011 20023 20021
40802 20021 20023
20055 20056 20036
20036 20028 20055
20028 20026 20029
20026 20028 20025
20029 20038 20037
20038 20029 20026
20027 20037 20038
20037 20027 20030
20028 20057 20055
20057 20029 20058
20029 20057 20028
20059 20029 20037
20029 20059 20058
20030 20059 20037
20059 20030 20060
20027 20034 20032
20033 20034 20031
20034 20033 20032
20030 20032 20039
20062 20039 20035
20039 20062 20061
20035 20032 20033
20032 20035 20039
20063 20064 40803
20064 20065 20040
20044 20065 20066
20065 20044 20040
20041 20066 20067
20066 20041 20044
20067 20068 20045
20042 20068 20069
20068 20042 20045
20063 40804 40805
40803 40804 20063
20040 40806 40803
20044 40806 20040
40806 20044 40807
20041 40807 20044
40807 20041 40808
40808 20041 20046
40809 20046 20043
20046 40809 40810
20043 20045 20042
20045 20043 20046
20041 20045 20046
20048 20043 20042
20043 20048 20050
20047 20043 20050
20043 20047 40809
20042 20069 20054
20033 40811 20052
40811 20033 20031
40811 20051 20052
20053 20033 20052
20033 20053 20035
20053 20051 20049
20051 20053 20052
20071 20053 20049
20053 20071 20070
20070 20035 20053
20035 20070 20062
20042 20054 20048
20027 20032 20030
20039 20061 20060
20030 20039 20060
40808 20046 40810
20067 20045 20041
20064 20040 40803
20036 20025 20028
20083 20073 20106
20073 20083 20074
20072 20106 20073
20072 20107 20106
20084 20106 20107
20106 20084 20083
20074 20109 20077
20109 20074 20083
20077 20108 20075
20109 20108 20077
20083 20110 20109
20110 20083 20084
20109 20088 20087
20088 20109 20110
20093 20105 20089
20111 20113 20125
20113 20111 20119
20078 20125 20076
20125 20078 20111
20076 20112 20080
20112 20076 20125
20125 20090 20112
20090 20125 20113
20114 20116 20126
20116 20114 20120
20119 20126 20113
20126 20119 20114
20090 20126 20115
20126 20090 20113
20115 20116 20091
20116 20115 20126
20122 20117 20121
20117 20122 20118
20096 20118 20092
20118 20096 20117
20108 20119 20111
20119 20108 20087
20075 20111 20078
20111 20075 20108
20114 20087 20088
20123 20090 20081
20090 20123 20112
20080 20137 20079
20124 20091 20138
20091 20124 20115
20081 20115 20124
20115 20081 20090
20129 20092 20130
20092 20129 20096
20101 20072 20139
20101 20084 20107
20084 20101 20085
20110 20093 20088
20085 20110 20084
20110 20085 20105
20088 20093 20100
20102 20091 20116
20091 20102 20099
20100 20116 20120
20116 20100 20102
20099 20138 20091
20138 20099 20127
20117 20094 20104
20094 20117 20096
20121 20104 20103
20104 20121 20117
20096 20128 20094
20128 20096 20129
40812 20127 20099
20127 40812 40813
40814 20099 20102
20099 40814 40812
40815 20102 20100
20102 40815 40814
20127 20098 20131
40813 20095 20132
20135 20130 20136
20130 20135 20129
20109 20087 20108
20088 20100 20120
20114 20119 20087
20114 20088 20120
20082 20127 20131
20098 20127 20132
20127 40813 20132
20129 40816 20128
40816 20129 20135
40816 20135 20134
20135 20097 20134
20136 20133 20097
20097 20135 20136
20136 20086 20133
20112 20123 20137
20112 20137 20080
20082 20138 20127
20124 20138 20082
20093 40815 20100
20121 20103 20093
20121 20093 20089
20122 20121 20089
20139 20072 20140
20072 20101 20107
20110 20105 20093
20144 20203 20204
20203 20144 20141
20206 20249 20205
20249 20206 20248
20208 20205 20207
20205 20208 20206
20142 20207 20143
20207 20142 20208
20210 20257 20209
20257 20210 20256
20146 20209 20145
20209 20146 20210
20212 20145 20211
20145 20212 20146
20149 20211 20150
20211 20149 20212
20214 20150 20213
20150 20214 20149
20148 20213 20147
20213 20148 20214
20151 20215 20189
20215 20151 20216
20216 20204 20215
20204 20216 20144
20246 20247 20217
20217 20222 20218
20219 20217 20218
20222 20221 20218
20221 20222 20166
20218 20161 20154
20161 20218 20221
20155 20162 20163
20224 20223 20156
20223 20224 20234
20165 20234 20224
20234 20165 20175
20176 20225 20228
20225 20268 20227
20266 20225 20227
20158 20241 20229
20241 20158 20230
40817 20231 20160
20231 40817 40818
20229 20232 20158
20232 20229 20188
20178 20224 20235
20224 20178 20165
20235 20156 20177
20156 20235 20224
20253 20177 20252
20177 20253 20235
20254 20235 20253
20235 20254 20178
20180 20260 20179
20260 20180 20259
20226 20179 20157
20179 20226 20180
20159 40818 40819
40818 20159 20231
20160 40820 40817
40820 20160 20233
20220 20280 20250
20163 20181 20155
20181 20143 40821
20143 20181 20182
20180 20183 20236
20183 20180 20226
20236 40822 40823
40822 20236 20183
20258 40823 40824
40823 20258 20236
20259 20236 20258
20236 20259 20180
20237 40825 40826
40825 20237 20184
20183 40826 40822
40826 20183 20237
20226 20237 20183
20237 20226 20225
20176 20237 20225
20186 40827 20185
40827 40828 20185
20175 20186 20185
20186 20175 20165
20238 40829 40830
40829 20238 20255
20186 40830 40831
40830 20186 20238
20165 20238 20186
20238 20165 20178
20178 20255 20238
20255 20178 20254
20187 20208 40832
20208 20187 20239
20166 20239 20187
20239 20166 20222
20247 20240 20217
20240 40833 20206
20239 20206 20208
20206 20239 20240
20239 20222 20240
20188 40834 40835
40834 20188 20229
20296 20241 20230
20189 40836 20241
20229 40836 40834
40836 20229 20241
20251 20220 20250
20220 20251 20190
40837 20279 20168
20279 40837 20278
20162 20168 20169
20168 20162 40837
20269 20227 20268
20227 20269 20191
20173 20267 20174
20267 20173 20266
20172 40838 20160
40838 20172 20192
20167 40839 40840
40839 20167 20193
20160 20193 20172
20193 20160 40839
20261 40841 40842
40841 20261 20194
20157 20194 20170
20194 20157 40841
20196 20263 20195
20263 20196 20262
20197 20275 20272
20275 20197 20242
20242 20152 20198
20152 20242 20197
20234 20198 20223
20198 20234 20242
40828 20243 20185
20243 20290 20199
20273 20243 20199
20243 20273 20274
20185 20274 20175
20201 20200 20244
20200 20201 20164
40843 20244 20287
20244 40843 40844
20184 40844 40825
40844 20184 20244
20201 20244 20184
20153 20284 20264
20245 20270 20271
20245 20271 20228
40845 20228 20173
20245 40845 40846
20201 20184 20176
20184 20237 20176
20228 20266 20173
20246 20188 20247
20188 20246 20232
20247 40835 40833
40835 20247 20188
20248 20141 20249
20141 20248 20203
20233 40847 40820
40847 20233 20250
20192 20250 40838
20250 20192 20251
20163 20182 20181
20282 20220 20276
20220 20282 20280
20221 20252 20161
20252 20221 20253
20166 20253 20221
20253 20166 20254
20254 20187 20255
20187 20254 20166
20255 40832 40829
40832 20255 20187
20256 20143 20257
20143 20256 20142
20182 40824 20143
40824 20182 20258
20163 20258 20182
20258 20163 20259
20259 20162 20260
20162 20259 20163
20169 40842 20162
40842 20169 20261
40828 40848 20243
40831 40827 20186
20219 20218 20154
20217 20240 20222
20247 40833 20240
20246 20217 20219
20262 20174 20263
20174 20262 20173
20264 20195 20265
20195 20264 20196
20266 20191 20267
20191 20266 20227
20170 20268 20157
20268 20170 20269
20268 20226 20157
20225 20226 20268
20225 20266 20228
20228 40845 20245
40849 20245 40846
20271 20270 20164
20176 20271 20201
20228 20271 20176
20234 20275 20242
20274 20272 20275
20272 20274 20273
20274 20275 20175
20185 20243 20274
20175 20275 20234
20276 20190 20277
20190 20276 20220
20279 20276 20277
20276 20279 20278
20280 20282 40850
40847 20280 40850
20250 20280 40847
20181 40851 20155
40851 20181 20281
40821 20281 20181
20281 20276 40851
20276 20281 20282
40850 20282 40821
40821 20282 20281
20245 40852 20283
20264 20171 20153
20264 20265 20171
20153 20202 40853
20153 40853 20284
20245 20283 40854
20245 40849 40852
40854 20270 20245
20271 20164 20201
20285 20147 20288
20286 20147 20285
20147 20286 20148
20286 20292 20148
20292 20291 20290
20291 20292 20289
20147 40855 20288
20243 20292 20290
40856 20243 40848
20200 20287 20244
20243 40856 20292
20289 20292 20286
20296 20189 20241
40819 20189 20295
20159 40819 40857
20189 20296 20295
20159 40857 20294
20297 20294 40857
20159 20293 20167
20293 20159 20294
20293 40858 40859
20308 20299 20306
20299 20308 20298
20309 20305 20323
20298 20307 20299
20307 20298 20311
20311 20325 20307
20325 20311 20302
20305 20301 20323
20315 20317 20318
20317 20315 20316
20313 20318 20314
20318 20313 20315
20309 20323 20324
20306 20316 20308
20316 20306 20317
20309 20314 20305
20314 20309 20313
20323 20301 20319
20323 20319 20312
20323 20312 20320
20323 20320 20304
20324 20304 20321
20324 20321 20310
20324 20310 20322
20324 20322 20300
20304 20324 20323
20303 20325 20302
20326 20378 20377
20374 20337 20371
20334 20373 20372
20328 20334 20333
20364 20369 20368
20370 20327 20367
20329 20362 20361
20358 20359 20332
20330 20363 20366
20335 20345 20343
20338 20337 20340
20335 20342 20344
20330 20361 20360
20329 20361 20330
20335 20346 20345
20335 20347 20346
20349 20350 20336
20336 20348 20341
20343 20349 20336
20336 20350 20351
20336 20351 20348
20341 20348 20331
20353 20352 20331
20352 20354 20355
20352 20355 20331
20348 20353 20331
20335 20344 20347
20357 20358 20356
20332 20356 20358
20359 20344 20332
20360 20343 20336
20343 20360 20361
20361 20335 20343
20335 20361 20362
20364 20365 20363
20368 20369 20367
20372 20373 20371
20376 20339 20375
20378 20375 20377
20344 20342 20332
20379 20430 20431
20427 20390 20393
20387 20386 20425
20381 20380 20386
20417 20418 20421
20423 20380 20381
20382 20414 20415
20411 20385 20412
20382 20419 20383
20388 20396 20398
20391 20392 20393
20388 20397 20395
20383 20413 20414
20382 20383 20414
20388 20398 20399
20388 20399 20400
20402 20389 20403
20389 20394 20401
20396 20389 20402
20389 20404 20403
20389 20401 20404
20394 20384 20401
20406 20384 20405
20405 20408 20407
20405 20384 20408
20401 20384 20406
20388 20400 20397
20410 20409 20411
20385 20411 20409
20412 20385 20397
20396 20413 20389
20413 20396 20414
20388 20414 20396
20414 20388 20415
20416 20419 20418
20420 20423 20422
20424 20427 20426
20429 20392 20391
20431 20428 20429
20397 20385 20395
20460 20442 20451
20442 20460 20440
20451 20443 20459
20460 20459 20439
20461 20449 20462
20461 20462 20435
20463 20448 20461
20448 20463 20438
20516 20464 20517
20464 20516 20465
20514 20466 20436
20469 20467 20475
20467 20469 20434
20475 20437 20468
20437 20475 20467
20470 20447 20471
20443 20470 20471
20470 20443 20451
20451 20446 20470
20446 20451 20442
20460 20439 20472
20460 20472 20452
20452 20440 20460
20440 20452 20444
20466 20450 20436
20437 20467 20476
20467 20434 20473
20476 20447 20470
20437 20476 20446
20457 20464 20511
20464 20457 20453
20453 20517 20464
20517 20453 20518
20461 20444 20452
20444 20461 20448
20474 20452 20445
20452 20474 20461
20461 20474 20449
20523 20454 20477
20454 20523 20522
20477 20466 20514
20466 20477 20454
20454 20521 20455
20521 20454 20522
20466 20456 20450
20456 20466 20455
20455 20520 20456
20520 20455 20521
20519 20456 20520
20456 20519 20458
20458 20518 20453
20518 20458 20519
20458 20450 20456
20450 20458 20478
20455 20466 20454
20511 20465 20512
20465 20511 20464
20435 20463 20461
20472 20445 20452
20451 20459 20460
20476 20473 20447
20436 20450 20478
20478 20457 20479
20478 20479 20441
20530 20481 20494
20481 20530 20532
20481 20482 20497
20480 20483 20482
20484 20485 20486
20485 20487 20488
20487 20489 20490
20489 20487 20484
20492 20510 20491
20510 20492 20493
20493 20526 20525
20526 20493 20492
20494 20495 20496
20494 20481 20495
20528 20494 20502
20494 20528 20530
20504 20498 20499
20480 20500 20483
20480 20501 20500
20502 40860 20528
40860 20502 40861
20503 40861 20502
40861 20503 40862
20502 20494 20496
20525 20508 20493
20508 20525 20524
20484 20505 20489
20505 20484 20501
20501 20484 20506
20484 20486 20506
20509 40863 40864
20510 20504 20499
20515 20527 20535
20504 20493 20508
20493 20504 20510
20484 20487 20485
20500 20501 20507
20481 20480 20482
20502 20496 20503
20510 20499 20433
20491 20510 20433
20529 40863 20509
40863 20529 40865
20481 20497 20495
20436 20478 20441
20501 20506 20507
20511 20432 20479
20478 20453 20457
20453 20478 20458
20479 20457 20511
20476 20470 20446
20513 20527 40864
20438 20517 20448
20517 20438 20516
20518 20448 20517
20448 20518 20444
20519 20444 20518
20444 20519 20440
20440 20520 20442
20520 20440 20519
20521 20442 20520
20442 20521 20446
20522 20446 20521
20446 20522 20437
20468 20522 20523
20522 20468 20437
20528 40865 20529
40865 20528 40860
20529 20530 20528
20530 20529 20531
20524 20489 20505
20489 20524 20525
20525 20490 20489
20490 20525 20526
20513 20535 20527
20531 20509 20515
20509 20531 20529
20527 20515 20509
20531 20532 20530
20532 20531 20533
20533 20515 20534
20515 20533 20531
20532 20480 20481
20480 20532 20536
20533 20536 20532
20536 20533 20537
20537 20534 20538
20534 20537 20533
20538 20535 20539
20535 20538 20534
20539 20513 20540
20513 20539 20535
20501 20536 20505
20536 20501 20480
20537 20505 20536
20505 20537 20524
20524 20538 20508
20538 20524 20537
20508 20539 20504
20539 20508 20538
20504 20540 20498
20540 20504 20539
20509 40864 20527
20515 20535 20534
20511 20512 20432
20467 20473 20476
20569 20551 20549
20551 20569 20560
20560 20568 20552
20569 20548 20568
20570 20571 20558
20544 20571 20570
20572 20557 20547
20557 20572 20570
20573 20625 20626
20625 20573 20574
20623 20545 20575
20576 20578 20584
20578 20576 20543
20546 20584 20577
20584 20546 20576
20579 20580 20556
20552 20579 20560
20579 20552 20580
20560 20555 20551
20555 20560 20579
20569 20581 20548
20569 20561 20581
20561 20549 20553
20549 20561 20569
20575 20545 20559
20546 20585 20576
20576 20582 20543
20585 20579 20556
20546 20555 20585
20566 20573 20562
20573 20566 20620
20562 20626 20627
20626 20562 20573
20570 20553 20557
20553 20570 20561
20583 20561 20570
20561 20583 20554
20570 20558 20583
20563 20632 20586
20632 20563 20631
20575 20586 20623
20586 20575 20563
20563 20630 20631
20630 20563 20564
20565 20575 20559
20575 20565 20564
20564 20629 20630
20629 20564 20565
20565 20628 20629
20628 20565 20567
20567 20627 20628
20627 20567 20562
20567 20559 20587
20559 20567 20565
20564 20563 20575
20574 20620 20621
20620 20574 20573
20570 20572 20544
20581 20561 20554
20560 20569 20568
20585 20556 20582
20545 20587 20559
20587 20588 20566
20587 20550 20588
20639 20590 20641
20590 20639 20603
20590 20606 20591
20589 20591 20592
20593 20595 20594
20594 20597 20596
20596 20598 20593
20598 20596 20599
20619 20601 20600
20601 20619 20602
20635 20602 20634
20602 20635 20601
20603 20605 20604
20603 20604 20590
20637 20603 20639
20603 20637 20611
20613 20608 20607
20589 20592 20609
20589 20609 20610
20611 40866 40867
40866 20611 20637
20612 40867 40868
40867 20612 20611
20611 20605 20603
20617 20634 20602
20634 20617 20633
20593 20614 20610
20614 20593 20598
20610 20615 20593
20593 20615 20595
20618 40869 40870
20619 20608 20613
20624 20644 20636
20613 20602 20619
20602 20613 20617
20593 20594 20596
20609 20616 20610
20590 20591 20589
20611 20612 20605
20619 20542 20608
20600 20542 20619
40870 20638 20618
20638 40870 40871
20590 20604 20606
20545 20550 20587
20610 20616 20615
20620 20588 20541
20562 20587 20566
20587 20562 20567
20588 20620 20566
20585 20555 20579
20622 40869 20636
20547 20626 20625
20626 20547 20557
20627 20557 20553
20557 20627 20626
20628 20553 20549
20553 20628 20627
20549 20629 20628
20629 20549 20551
20630 20551 20555
20551 20630 20629
20555 20631 20630
20631 20555 20546
20631 20577 20632
20577 20631 20546
40871 20637 20638
20637 40871 40866
20638 20639 20640
20639 20638 20637
20633 20598 20634
20598 20633 20614
20599 20634 20598
20634 20599 20635
20622 20636 20644
20618 20640 20624
20640 20618 20638
20636 20618 20624
20641 20640 20639
20640 20641 20642
20642 20624 20640
20624 20642 20643
20589 20641 20590
20641 20589 20645
20645 20642 20641
20642 20645 20646
20646 20643 20642
20643 20646 20647
20647 20644 20643
20644 20647 20648
20648 20622 20644
20622 20648 20649
20610 20645 20589
20645 20610 20614
20646 20614 20633
20614 20646 20645
20633 20647 20646
20647 20633 20617
20617 20648 20647
20648 20617 20613
20649 20613 20607
20613 20649 20648
20618 20636 40869
20624 20643 20644
20620 20541 20621
20576 20585 20582
40872 19471 40678
40782 19983 19951
19503 19470 40677
19983 40782 40780
20376 20338 20339
20429 20428 20392
20338 20340 20339
20391 20393 20390
20378 20376 20375
20431 20430 20428
20374 20340 20337
20427 20424 20390
20373 20374 20371
20425 20424 20426
20334 20372 20333
20387 20425 20426
20328 20333 20327
20381 20386 20387
20370 20328 20327
20423 20420 20380
20369 20370 20367
20421 20420 20422
20364 20368 20365
20417 20421 20422
20365 20366 20363
20417 20416 20418
20329 20330 20366
20419 20416 20383
20657 20671 20670
20671 20657 20661
20666 20742 20653
20742 20666 20743
20662 20670 20669
20670 20662 20657
20656 20663 20752
20673 20672 20664
20665 20669 20668
20669 20665 20662
20740 20670 20671
20670 20740 20663
21470 20666 20653
20661 20672 20671
20672 20661 20664
20758 20677 20752
20656 20668 20669
20660 20667 20672
20653 20742 20741
20743 20666 20744
20663 20669 20670
20669 20663 20656
20673 20664 20658
20655 20672 20673
20674 20672 20676
20672 20674 20660
20754 20667 20756
20754 20675 20755
20676 20672 20655
20656 20739 20668
20677 20758 20757
20650 20651 20677
20659 20663 20740
20663 20659 20752
20667 20671 20672
20667 20740 20671
20693 20711 20691
20692 20693 20704
20694 20695 20696
20697 20699 20760
20750 20694 20696
20695 20683 20680
20697 20701 20699
20693 20703 20704
20710 20689 20693
20707 20688 20708
20703 20689 20702
20680 20683 20684
20680 20700 20685
20680 20684 20700
20701 20680 20685
20697 20680 20701
20760 20696 20697
20705 20683 20703
20704 20703 20683
20694 20704 20695
20683 20705 20681
20705 20703 20712
20702 20706 20703
20708 20688 20679
20687 20689 20709
20709 20688 20707
20688 20709 20689
20692 20704 20694
20702 20689 20687
20696 20695 20697
20684 20683 20681
20710 20693 20691
20688 20689 20710
20690 20711 20692
20692 20711 20693
20695 20680 20697
20704 20683 20695
20689 20703 20693
20712 20703 20706
20751 20696 20698
20696 20751 20750
20694 20750 20749
20686 20690 20692
20686 20692 20749
20745 20722 20746
20722 20745 20721
20723 20678 20714
20721 20717 20722
20717 20721 20719
20716 20719 20715
20719 20716 20717
20720 20715 20718
20715 20720 20716
20720 20727 20726
20727 20720 20718
20726 20725 20724
20725 20726 20727
20725 20728 20724
20728 20725 20729
20731 20737 20735
20748 20738 20736
20738 20748 20733
20730 20734 20732
20734 20730 20747
20732 20736 20738
20736 20732 20734
20713 20653 20741
20656 20652 20739
20652 20656 20753
20753 20656 20752
20667 20754 20740
20741 20652 20713
20652 20741 20739
20739 20742 20668
20742 20739 20741
20668 20742 20743
20743 20665 20668
20665 20743 20744
20714 20746 20723
20746 20714 20745
20747 20728 20729
20728 20747 20730
20733 20735 20737
20735 20733 20748
20682 20686 20749
20750 20682 20749
20751 20682 20750
20692 20694 20749
20677 20651 20752
20651 20652 20753
20651 20753 20752
20754 20659 20740
20659 20755 20654
20659 20754 20755
20675 20754 20756
20667 20660 20756
20650 20677 20757
20758 20654 20759
20654 20758 20659
20758 20752 20659
20758 20759 20757
20696 20760 20698
20782 20768 20781
20768 20782 20772
20777 20853 20854
20853 20777 20764
20781 20773 20780
20773 20781 20768
20767 20863 20774
20784 20775 20783
20780 20776 20779
20776 20780 20773
20781 20851 20782
20851 20781 20774
21471 20764 20777
20783 20772 20782
20772 20783 20775
20869 20863 20788
20767 20780 20779
20771 20783 20778
20764 20852 20853
20854 20855 20777
20774 20780 20767
20780 20774 20781
20784 20769 20775
20766 20784 20783
20785 20787 20783
20783 20771 20785
20865 20867 20778
20865 20866 20786
20787 20766 20783
20767 20779 20850
20788 20868 20869
20761 20788 20762
20774 20770 20851
20770 20774 20863
20778 20783 20782
20778 20782 20851
20804 20802 20822
20803 20815 20804
20805 20807 20806
20807 20809 20871
20861 20807 20805
20806 20791 20794
20808 20810 20812
20804 20815 20814
20821 20804 20800
20818 20819 20799
20814 20813 20800
20791 20795 20794
20791 20796 20811
20791 20811 20795
20812 20796 20791
20808 20812 20791
20871 20810 20808
20816 20814 20794
20815 20794 20814
20805 20806 20815
20794 20792 20816
20816 20823 20814
20813 20814 20817
20819 20790 20799
20798 20820 20800
20820 20818 20799
20799 20800 20820
20803 20805 20815
20813 20798 20800
20807 20808 20806
20795 20792 20794
20821 20802 20804
20799 20821 20800
20801 20803 20822
20803 20804 20822
20806 20808 20791
20815 20806 20794
20800 20804 20814
20823 20817 20814
20809 20861 20862
20861 20809 20807
20805 20860 20861
20797 20803 20801
20797 20860 20803
20856 20833 20832
20833 20856 20857
20834 20825 20789
20832 20828 20830
20828 20832 20833
20830 20827 20826
20827 20830 20828
20826 20831 20829
20831 20826 20827
20831 20838 20829
20838 20831 20837
20837 20836 20838
20836 20837 20835
20839 20836 20835
20836 20839 20840
20842 20846 20848
20849 20859 20847
20859 20849 20844
20841 20845 20858
20845 20841 20843
20847 20843 20849
20843 20847 20845
20824 20852 20764
20767 20850 20763
20763 20864 20767
20864 20863 20767
20778 20851 20865
20852 20763 20850
20763 20852 20824
20850 20853 20852
20853 20850 20779
20779 20854 20853
20854 20776 20855
20776 20854 20779
20825 20857 20856
20857 20825 20834
20839 20858 20840
20858 20839 20841
20844 20846 20859
20846 20844 20848
20793 20860 20797
20861 20860 20793
20862 20861 20793
20803 20860 20805
20788 20863 20762
20762 20864 20763
20762 20863 20864
20865 20851 20770
20770 20765 20866
20770 20866 20865
20786 20867 20865
20778 20867 20771
20761 20868 20788
20869 20870 20765
20765 20770 20869
20869 20770 20863
20869 20868 20870
20808 20807 20871
20893 20879 20892
20879 20893 20883
20888 20964 20965
20964 20888 20875
20892 20884 20891
20884 20892 20879
20878 20974 20885
20895 20886 20894
20891 20887 20890
20887 20891 20884
20892 20962 20893
20962 20892 20885
21472 20875 20888
20894 20883 20893
20883 20894 20886
20980 20974 20899
20878 20891 20890
20882 20894 20889
20875 20963 20964
20965 20966 20888
20885 20891 20878
20891 20885 20892
20895 20880 20886
20877 20895 20894
20896 20898 20894
20894 20882 20896
20976 20978 20889
20976 20977 20897
20898 20877 20894
20878 20890 20961
20899 20979 20980
20872 20899 20873
20885 20881 20962
20881 20885 20974
20889 20894 20893
20889 20893 20962
20915 20913 20933
20914 20926 20915
20916 20918 20917
20919 20982 20921
20972 20918 20916
20917 20902 20905
20919 20921 20923
20915 20926 20925
20932 20915 20911
20929 20930 20910
20925 20924 20911
20902 20906 20905
20902 20907 20922
20902 20922 20906
20923 20907 20902
20919 20923 20902
20982 20919 20918
20927 20925 20905
20926 20905 20925
20916 20917 20926
20905 20903 20927
20927 20934 20925
20924 20925 20928
20930 20901 20910
20909 20931 20911
20931 20929 20910
20910 20911 20931
20914 20916 20926
20924 20909 20911
20918 20919 20917
20906 20903 20905
20932 20913 20915
20910 20932 20911
20912 20914 20933
20914 20915 20933
20917 20919 20902
20926 20917 20905
20911 20915 20925
20934 20928 20925
20973 20918 20972
20918 20973 20920
20916 20971 20972
20908 20914 20912
20908 20971 20914
20967 20944 20943
20944 20967 20968
20945 20936 20900
20943 20939 20941
20939 20943 20944
20941 20938 20937
20938 20941 20939
20937 20942 20940
20942 20937 20938
20942 20949 20940
20949 20942 20948
20948 20947 20949
20947 20948 20946
20950 20947 20946
20947 20950 20951
20953 20957 20959
20960 20970 20958
20970 20960 20955
20952 20956 20969
20956 20952 20954
20958 20954 20960
20954 20958 20956
20935 20963 20875
20878 20961 20874
20874 20975 20878
20975 20974 20878
20889 20962 20976
20963 20874 20961
20874 20963 20935
20961 20964 20963
20964 20961 20890
20890 20965 20964
20965 20887 20966
20887 20965 20890
20936 20968 20967
20968 20936 20945
20950 20969 20951
20969 20950 20952
20955 20957 20970
20957 20955 20959
20904 20971 20908
20972 20971 20904
20973 20972 20904
20914 20971 20916
20899 20974 20873
20873 20975 20874
20873 20974 20975
20976 20962 20881
20881 20876 20977
20881 20977 20976
20897 20978 20976
20889 20978 20882
20872 20979 20899
20980 20981 20876
20876 20881 20980
20980 20881 20974
20980 20979 20981
20918 20920 20982
20990 21004 21003
21004 20990 20994
20999 21075 20986
21075 20999 21076
20995 21003 21002
21003 20995 20990
20989 20996 21085
21006 21005 20997
20998 21002 21001
21002 20998 20995
21073 21003 21004
21003 21073 20996
21473 20999 20986
20994 21005 21004
21005 20994 20997
21091 21010 21085
20989 21001 21002
20993 21000 21005
20986 21075 21074
21076 20999 21077
20996 21002 21003
21002 20996 20989
21006 20997 20991
20988 21005 21006
21007 21005 21009
21005 21007 20993
21087 21000 21089
21087 21008 21088
21009 21005 20988
20989 21072 21001
21010 21091 21090
20983 20984 21010
20992 20996 21073
20996 20992 21085
21000 21004 21005
21000 21073 21004
21026 21044 21024
21025 21026 21037
21027 21028 21029
21029 21093 21031
21083 21027 21029
21028 21016 21013
21030 21034 21032
21026 21036 21037
21043 21022 21026
21040 21021 21041
21036 21022 21035
21013 21016 21017
21013 21033 21018
21013 21017 21033
21034 21013 21018
21030 21013 21034
21093 21030 21032
21038 21016 21036
21037 21036 21016
21027 21037 21028
21016 21038 21014
21038 21036 21045
21035 21039 21036
21041 21021 21012
21020 21022 21042
21042 21021 21040
21021 21042 21022
21025 21037 21027
21035 21022 21020
21029 21028 21030
21017 21016 21014
21043 21026 21024
21021 21022 21043
21023 21044 21025
21025 21044 21026
21028 21013 21030
21037 21016 21028
21022 21036 21026
21045 21036 21039
21083 21031 21084
21031 21083 21029
21027 21083 21082
21019 21023 21025
21019 21025 21082
21078 21055 21079
21055 21078 21054
21056 21011 21047
21054 21050 21055
21050 21054 21052
21049 21052 21048
21052 21049 21050
21053 21048 21051
21048 21053 21049
21053 21060 21059
21060 21053 21051
21059 21058 21057
21058 21059 21060
21058 21061 21057
21061 21058 21062
21064 21070 21068
21081 21071 21069
21071 21081 21066
21063 21067 21065
21067 21063 21080
21065 21069 21071
21069 21065 21067
21046 20986 21074
20989 20985 21072
20985 20989 21086
21086 20989 21085
21000 21087 21073
21074 20985 21046
20985 21074 21072
21072 21075 21001
21075 21072 21074
21001 21075 21076
21076 20998 21001
20998 21076 21077
21047 21079 21056
21079 21047 21078
21080 21061 21062
21061 21080 21063
21066 21068 21070
21068 21066 21081
21015 21019 21082
21083 21015 21082
21084 21015 21083
21025 21027 21082
21010 20984 21085
20984 20985 21086
20984 21086 21085
21087 20992 21073
20992 21088 20987
20992 21087 21088
21008 21087 21089
21000 20993 21089
20983 21010 21090
21091 20987 21092
20987 21091 20992
21091 21085 20992
21091 21092 21090
21030 21093 21029
21096 21108 21104
21108 21096 21109
21109 21102 21108
21102 21109 21098
21112 21098 21113
21098 21112 21102
21111 21104 21110
21104 21111 21096
21110 21100 21111
21100 21110 21115
21102 21101 21097
21101 21102 21112
21108 21097 21103
21097 21108 21102
21104 21103 21095
21103 21104 21108
21110 21095 21105
21095 21110 21104
21100 21116 21107
21116 21100 21115
21094 21107 21116
21114 21101 21112
21113 21114 21112
21110 21099 21115
21099 21110 21105
21115 21106 21116
21106 21115 21099
21094 21116 21106
21119 21131 21132
21131 21119 21127
21132 21125 21121
21125 21132 21131
21121 21135 21136
21135 21121 21125
21127 21134 21133
21134 21127 21119
21133 21123 21138
21123 21133 21134
21125 21124 21135
21124 21125 21120
21131 21120 21125
21120 21131 21126
21127 21126 21131
21126 21127 21118
21133 21118 21127
21118 21133 21128
21139 21123 21130
21123 21139 21138
21117 21139 21130
21137 21135 21124
21136 21135 21137
21133 21122 21128
21122 21133 21138
21129 21138 21139
21138 21129 21122
21117 21129 21139
21142 21154 21155
21154 21142 21150
21155 21148 21144
21148 21155 21154
21144 21158 21159
21158 21144 21148
21150 21157 21156
21157 21150 21142
21156 21146 21161
21146 21156 21157
21148 21147 21158
21147 21148 21143
21154 21143 21148
21143 21154 21149
21150 21149 21154
21149 21150 21141
21156 21141 21150
21141 21156 21151
21162 21146 21153
21146 21162 21161
21140 21162 21153
21160 21158 21147
21159 21158 21160
21156 21145 21151
21145 21156 21161
21152 21161 21162
21161 21152 21145
21140 21152 21162
21165 21177 21173
21177 21165 21178
21178 21171 21177
21171 21178 21167
21181 21167 21182
21167 21181 21171
21180 21173 21179
21173 21180 21165
21179 21169 21180
21169 21179 21184
21171 21170 21166
21170 21171 21181
21177 21166 21172
21166 21177 21171
21173 21172 21164
21172 21173 21177
21179 21164 21174
21164 21179 21173
21169 21185 21176
21185 21169 21184
21163 21176 21185
21183 21170 21181
21182 21183 21181
21179 21168 21184
21168 21179 21174
21184 21175 21185
21175 21184 21168
21163 21185 21175
21232 21187 21193
21199 21186 21198
21190 21225 21226
21228 21214 21227
21189 21229 21230
21219 21222 21191
21189 21217 21218
21217 21189 21188
21232 21193 21231
21215 21233 21234
21233 21215 21199
21188 21216 21217
21216 21188 21193
21196 21216 21223
21195 21192 21194
21190 21218 21191
21218 21190 21189
21235 21233 21198
21199 21198 21233
21219 21220 21214
21229 21189 21226
21189 21190 21226
21188 21189 21230
21190 21236 21225
21474 21219 21228
21214 21234 21227
21234 21214 21215
21231 21188 21230
21193 21188 21231
21236 21190 21222
21239 21202 21238
21239 21203 21202
21203 21239 21240
21241 21203 21240
21203 21241 21204
21204 21242 21201
21242 21204 21241
21242 21205 21201
21205 21206 21201
21206 21200 21201
21200 21209 21253
21202 21243 21244
21243 21202 21203
21238 21244 21245
21244 21238 21202
21248 21246 21247
21246 21248 21249
21200 21253 21201
21204 21255 21203
21251 21250 21237
21204 21201 21253
21210 21253 21208
21207 21253 21211
21245 21249 21238
21249 21245 21246
21209 21208 21253
21211 21253 21210
21253 21207 21252
21212 21213 21252
21207 21212 21252
21213 21254 21252
21253 21255 21204
21251 21247 21250
21247 21251 21248
21215 21220 21221
21220 21215 21214
21199 21221 21194
21194 21192 21199
21192 21197 21199
21186 21199 21197
21224 21194 21216
21194 21217 21216
21217 21194 21221
21221 21218 21217
21218 21221 21220
21222 21219 21474
21220 21191 21218
21191 21220 21219
21191 21222 21190
21222 21474 21256
21236 21222 21256
21219 21214 21228
21199 21215 21221
21194 21224 21195
21223 21216 21193
21187 21223 21193
21224 21216 21196
21203 21255 21243
21302 21264 21258
21270 21269 21257
21261 21296 21297
21298 21299 21285
21260 21300 21301
21290 21262 21293
21288 21260 21289
21260 21288 21259
21302 21303 21264
21286 21305 21270
21305 21286 21304
21259 21287 21264
21287 21259 21288
21267 21294 21287
21266 21265 21263
21289 21261 21262
21261 21289 21260
21306 21269 21305
21270 21305 21269
21290 21285 21291
21301 21296 21260
21260 21296 21261
21259 21300 21260
21261 21297 21307
21475 21298 21290
21285 21304 21286
21304 21285 21299
21303 21300 21259
21264 21303 21259
21307 21293 21261
21309 21310 21273
21274 21309 21273
21309 21274 21311
21274 21312 21311
21312 21274 21275
21275 21313 21312
21313 21275 21272
21313 21272 21276
21276 21272 21277
21277 21272 21271
21271 21323 21280
21315 21273 21314
21273 21315 21274
21314 21310 21316
21310 21314 21273
21320 21318 21319
21318 21320 21317
21271 21272 21323
21275 21274 21326
21321 21308 21322
21275 21323 21272
21281 21279 21323
21278 21282 21323
21316 21317 21320
21317 21316 21310
21280 21323 21279
21282 21281 21323
21323 21324 21278
21283 21324 21284
21278 21324 21283
21284 21324 21325
21323 21275 21326
21319 21321 21322
21321 21319 21318
21291 21286 21292
21286 21291 21285
21270 21265 21292
21265 21270 21263
21263 21270 21268
21257 21268 21270
21295 21287 21265
21265 21288 21292
21288 21265 21287
21292 21289 21291
21289 21292 21288
21293 21475 21290
21291 21262 21290
21262 21291 21289
21262 21261 21293
21293 21327 21475
21307 21327 21293
21290 21298 21285
21270 21292 21286
21265 21266 21295
21294 21264 21287
21258 21264 21294
21295 21267 21287
21274 21315 21326
21373 21335 21329
21341 21340 21328
21332 21367 21368
21369 21370 21356
21331 21371 21372
21361 21333 21364
21359 21331 21360
21331 21359 21330
21373 21374 21335
21357 21376 21341
21376 21357 21375
21330 21358 21335
21358 21330 21359
21338 21365 21358
21337 21336 21334
21360 21332 21333
21332 21360 21331
21377 21340 21376
21341 21376 21340
21361 21356 21362
21372 21367 21331
21331 21367 21332
21330 21371 21331
21332 21368 21378
21476 21369 21361
21356 21375 21357
21375 21356 21370
21374 21371 21330
21335 21374 21330
21378 21364 21332
21380 21381 21344
21345 21380 21344
21380 21345 21382
21345 21383 21382
21383 21345 21346
21346 21384 21383
21384 21346 21343
21384 21343 21347
21347 21343 21348
21348 21343 21342
21342 21394 21351
21386 21344 21385
21344 21386 21345
21385 21381 21387
21381 21385 21344
21391 21389 21390
21389 21391 21388
21342 21343 21394
21346 21345 21397
21392 21379 21393
21346 21394 21343
21352 21350 21394
21349 21353 21394
21387 21388 21391
21388 21387 21381
21351 21394 21350
21353 21352 21394
21394 21395 21349
21354 21395 21355
21349 21395 21354
21355 21395 21396
21394 21346 21397
21390 21392 21393
21392 21390 21389
21362 21357 21363
21357 21362 21356
21341 21336 21363
21336 21341 21334
21334 21341 21339
21328 21339 21341
21366 21358 21336
21336 21359 21363
21359 21336 21358
21363 21360 21362
21360 21363 21359
21364 21476 21361
21362 21333 21361
21333 21362 21360
21333 21332 21364
21364 21398 21476
21378 21398 21364
21361 21369 21356
21341 21363 21357
21336 21337 21366
21365 21335 21358
21329 21335 21365
21366 21338 21358
21345 21386 21397
21445 21400 21406
21412 21399 21411
21403 21438 21439
21441 21427 21440
21402 21442 21443
21432 21435 21404
21402 21430 21431
21430 21402 21401
21445 21406 21444
21428 21446 21447
21446 21428 21412
21401 21429 21430
21429 21401 21406
21409 21429 21436
21408 21405 21407
21403 21431 21404
21431 21403 21402
21448 21446 21411
21412 21411 21446
21432 21433 21427
21442 21402 21439
21402 21403 21439
21401 21402 21443
21403 21449 21438
21477 21432 21441
21427 21447 21440
21447 21427 21428
21444 21401 21443
21406 21401 21444
21449 21403 21435
21452 21415 21451
21452 21416 21415
21416 21452 21453
21454 21416 21453
21416 21454 21417
21417 21455 21414
21455 21417 21454
21455 21418 21414
21418 21419 21414
21419 21413 21414
21413 21422 21466
21415 21456 21457
21456 21415 21416
21451 21457 21458
21457 21451 21415
21461 21459 21460
21459 21461 21462
21413 21466 21414
21417 21468 21416
21464 21463 21450
21417 21414 21466
21423 21466 21421
21420 21466 21424
21458 21462 21451
21462 21458 21459
21422 21421 21466
21424 21466 21423
21466 21420 21465
21425 21426 21465
21420 21425 21465
21426 21467 21465
21466 21468 21417
21464 21460 21463
21460 21464 21461
21428 21433 21434
21433 21428 21427
21412 21434 21407
21407 21405 21412
21405 21410 21412
21399 21412 21410
21437 21407 21429
21407 21430 21429
21430 21407 21434
21434 21431 21430
21431 21434 21433
21435 21432 21477
21433 21404 21431
21404 21433 21432
21404 21435 21403
21435 21477 21469
21449 21435 21469
21432 21427 21441
21412 21428 21434
21407 21437 21408
21436 21429 21406
21400 21436 21406
21437 21429 21409
21416 21468 21456
21687 40873 21479
40874 21687 21478
21491 21627 21628
21627 21491 21503
21503 21626 21627
21626 21503 21480
21504 21631 21487
21572 21537 21507
21505 21488 21537
21537 21506 21507
21508 21493 21509
21508 21509 21510
21484 21508 21510
21508 21484 21492
21538 21485 21506
21485 21538 21513
21511 21506 21488
21506 21511 21538
21489 21538 21511
21538 21489 21512
21512 21513 21538
21513 21512 21483
21512 21514 21539
21514 21512 21489
21539 21490 21502
21490 21539 21514
21515 21502 21486
21502 21515 21539
21483 21539 21515
21539 21483 21512
21509 21516 21540
21516 21509 21493
21504 21516 21494
21516 21504 21540
21517 21504 21487
21504 21517 21540
21482 21540 21517
21540 21482 21509
21519 21553 21541
21553 21519 21552
21541 21554 21518
21554 21541 21553
40875 21518 40876
21518 40875 21541
40877 21541 40875
21541 40877 21519
21519 40878 21542
40878 21519 40877
21542 40879 21520
40879 21542 40878
21551 21520 21550
21520 21551 21542
21552 21542 21551
21542 21552 21519
21629 21521 21549
21521 21629 21630
21481 21630 40880
21630 21481 21521
40881 21557 21623
21557 40881 21532
40882 40881 21623
21624 21559 21556
21559 21624 21558
21556 40883 21624
40883 21556 40884
21624 40882 21623
40882 21624 40883
40884 21522 21495
21522 40884 21556
21559 21523 21500
21523 21559 21524
21524 21496 21523
21496 21524 21499
21499 21526 21496
21526 21499 21525
21561 21525 21560
21525 21561 21526
21528 21527 21543
21527 21528 21498
21527 21562 21543
21543 21564 21563
21565 21543 21563
21543 21565 21528
21544 21566 21529
21566 21544 21567
21530 21529 21497
21529 21530 21544
21498 21544 21530
21544 21498 21528
21528 21567 21544
21567 21528 21565
21545 21497 21531
21497 21545 21530
21532 21531 21557
21531 21532 21545
21533 21545 21532
21545 21533 21498
21546 21499 21524
21499 21546 21534
21558 21524 21559
21524 21558 21546
21557 21546 21558
21546 21557 21531
21531 21534 21546
21534 21531 21497
21547 21560 21525
21560 21547 21568
21534 21525 21499
21525 21534 21547
21497 21547 21534
21547 21497 21529
21529 21568 21547
21568 21529 21566
40885 21536 21533
21569 21536 21570
21536 21569 21535
21562 21527 21569
21527 21533 21535
21501 40886 40887
21571 21548 21505
21548 40876 21518
40876 21548 40888
21548 21554 21505
21570 40888 21548
21570 21548 21571
21628 21549 21491
21549 21628 21629
21514 21550 21490
21550 21514 21551
21489 21551 21514
21551 21489 21552
21552 21511 21553
21511 21552 21489
21553 21488 21554
21488 21553 21511
21505 21554 21488
21537 21488 21506
21548 21518 21554
21571 21505 21537
21571 21537 21572
40885 21532 40881
21532 40885 21533
21558 21623 21557
21623 21558 21624
21504 21494 21625
21501 21492 21484
40887 21492 21501
21510 21509 21482
21533 21536 21535
40889 40890 21575
40890 40891 21581
21575 40890 21581
40892 21578 21584
21578 21573 21587
21574 21583 21579
21577 40893 40894
40893 21577 21578
40889 21577 40894
21577 40889 21575
21577 21582 21573
21582 21577 21575
21575 21581 21582
21578 40892 40893
21578 21586 21584
21578 21577 21573
40895 21584 21585
21584 40895 40892
21579 21585 21584
40895 21580 40896
21580 40895 21585
21579 21580 21585
21584 21586 21579
21586 21574 21579
21574 21587 21576
21587 21574 21586
21573 21576 21587
40897 21590 21591
40873 21591 21479
40898 21596 21622
21652 21653 21662
21661 21651 21652
21663 21653 21654
21665 21656 21609
21656 21665 21655
21664 21655 21665
21655 21664 21654
40899 21604 40900
21604 40899 21605
21600 40900 21604
40900 21600 40901
40899 40902 21605
40903 21675 40902
21675 40903 21674
21564 21674 40903
21606 21648 21657
21607 21622 21596
40904 21666 21590
40904 40905 21657
40902 21676 21605
21676 40902 21675
21678 21604 21677
21604 21678 21600
21677 21605 21676
21605 21677 21604
21608 21609 21656
21600 21679 21597
21679 21600 21678
21597 40901 21600
40901 21597 40906
21686 21688 21612
21588 21612 21589
21614 21613 21615
21614 21615 21616
21617 21618 21616
21659 21684 21667
21613 21667 21684
21589 21612 21571
21562 21615 21613
21614 21616 21591
21615 21569 21617
21618 21687 21479
21616 21618 21479
21569 21619 21617
21571 21688 21570
21660 21650 21651
21648 21649 21658
21613 21668 21564
21622 21632 21611
21606 40905 40907
21666 21667 21590
21614 21590 21667
21615 21562 21569
21617 21616 21615
21617 21619 21618
21619 21569 21570
40908 21685 40907
21685 21606 40907
21564 21562 21613
21556 21500 21522
21500 21556 21559
21625 21494 40909
21504 21625 21555
21578 21587 21586
21543 21562 21564
21527 21498 21533
21545 21498 21530
21627 21486 21502
21486 21627 21626
21628 21502 21490
21502 21628 21627
21490 21629 21628
21629 21490 21550
21550 21630 21629
21630 21550 21520
21520 40880 21630
40880 21520 40879
21631 21555 40910
21504 21555 21631
21596 40898 21689
21622 21607 21632
21607 21633 21632
21621 21633 21592
21635 21634 21621
21593 21635 21620
21635 21593 21636
21601 21636 21593
21636 21601 21637
21594 21637 21601
21637 21594 21638
21602 21638 21594
21639 21611 21632
21633 21640 21639
21640 21634 21641
21642 21641 21635
21643 21642 21636
21638 21643 21637
21643 21638 21644
21644 21602 21645
21645 21603 21646
21647 21603 21599
21598 21647 21599
21606 21685 21611
21648 21606 21611
21639 21649 21648
21650 21649 21640
21651 21650 21641
21642 21652 21651
21653 21652 21643
21644 21654 21653
21654 21646 21655
21646 21654 21645
21646 21656 21655
21598 21656 21647
21657 40905 21606
21650 21659 21649
21658 21667 21666
21683 21684 21660
21661 21682 21683
21681 21682 21662
21663 21680 21681
21665 21680 21664
21658 21666 21657
21657 21666 40904
21659 21667 21658
21668 21613 21683
21682 21669 21668
21670 21669 21681
21680 21671 21670
21672 21680 21665
21669 21564 21668
21564 21669 21674
21670 21674 21669
21674 21670 21675
21671 21675 21670
21675 21671 21676
21676 21672 21677
21672 21676 21671
21677 21673 21678
21673 21677 21672
21678 21610 21679
21610 21678 21673
21609 21672 21665
21672 21609 21673
21595 21673 21609
21673 21595 21610
21672 21671 21680
40908 21622 21685
21611 21685 21622
21569 21527 21535
21612 21588 21686
21478 21686 21588
21687 40874 40873
21478 21687 21686
21641 21634 21635
21634 21633 21621
21635 21621 21620
21686 21687 21618
40898 21622 40908
21633 21607 21592
21634 21640 21633
21639 21632 21633
21648 21611 21639
21639 21640 21649
21650 21640 21641
21642 21635 21636
21651 21641 21642
21643 21636 21637
21643 21652 21642
21657 21648 21658
21658 21649 21659
21660 21659 21650
21660 21651 21661
21661 21652 21662
21653 21643 21644
21662 21653 21663
21663 21654 21664
21645 21654 21644
21659 21660 21684
21683 21660 21661
21662 21682 21661
21681 21662 21663
21664 21680 21663
21667 21613 21614
21683 21613 21684
21682 21668 21683
21681 21669 21682
21680 21670 21681
21507 21506 21485
40904 21590 40897
21616 21479 21591
21614 21591 21590
21591 40873 40897
21618 21688 21686
21570 21688 21619
21612 21688 21571
21618 21619 21688
21589 21571 21572
21608 21656 21598
21603 21647 21646
21603 21645 21602
21608 21595 21609
21602 21644 21638
21656 21646 21647
21689 40898 40911
21895 21690 40912
40913 40914 21895
21702 21835 21714
21835 21702 21836
21714 21834 21691
21834 21714 21835
21715 21698 21839
40915 21718 21748
21716 21748 21699
21748 21718 21717
21719 21720 21704
21719 21721 21720
21719 21695 21721
21695 21719 21703
21749 21696 21724
21696 21749 21717
21722 21717 21749
21717 21722 21699
21700 21749 21723
21749 21700 21722
21723 21724 21694
21724 21723 21749
21725 21723 21750
21723 21725 21700
21701 21750 21713
21750 21701 21725
21713 21726 21697
21726 21713 21750
21750 21694 21726
21694 21750 21723
21727 21720 21751
21720 21727 21704
21715 21727 21751
21727 21715 21705
21715 21728 21698
21728 21715 21751
21751 21693 21728
21693 21751 21720
21764 21730 21752
21730 21764 21763
21765 21752 21729
21752 21765 21764
21729 40916 40917
40916 21729 21752
21752 40918 40916
40918 21752 21730
40919 21730 21753
21730 40919 40918
40920 21753 21731
21753 40920 40919
21731 21762 21761
21762 21731 21753
21753 21763 21762
21763 21753 21730
21837 21732 21838
21732 21837 21760
21838 21692 40921
21692 21838 21732
21768 40922 21831
40922 21768 21743
40923 21831 40922
21770 21832 21767
21832 21770 21769
40924 21767 21832
21767 40924 40925
40923 21832 21831
21832 40923 40924
40925 21733 21767
21733 40925 21706
21770 21734 21735
21734 21770 21711
21707 21735 21734
21735 21707 21710
21737 21710 21707
21710 21737 21736
21772 21736 21737
21736 21772 21771
21738 21739 21754
21739 21738 21709
21738 21754 21773
21754 21774 21775
21754 21776 21774
21776 21754 21739
21755 21777 21778
21777 21755 21740
21741 21740 21755
21740 21741 21708
21709 21755 21739
21755 21709 21741
21739 21778 21776
21778 21739 21755
21756 21708 21741
21708 21756 21742
21742 21743 21768
21743 21742 21756
21744 21743 21756
21756 21709 21744
21757 21710 21745
21710 21757 21735
21735 21769 21770
21769 21735 21757
21757 21768 21769
21768 21757 21742
21742 21745 21708
21745 21742 21757
21758 21771 21779
21771 21758 21736
21745 21736 21758
21736 21745 21710
21708 21758 21740
21758 21708 21745
21740 21779 21777
21779 21740 21758
40926 21744 21747
21747 21780 21781
21780 21747 21746
21773 21780 21738
21738 21746 21744
21712 40927 40928
21782 21716 21759
40917 21759 21729
21759 40917 40929
21759 21716 21765
21781 21759 40929
21781 21782 21759
21836 21760 21837
21760 21836 21702
21761 21725 21701
21725 21761 21762
21762 21700 21725
21700 21762 21763
21722 21763 21764
21763 21722 21700
21699 21764 21765
21764 21699 21722
21716 21699 21765
21748 21717 21699
21759 21765 21729
21782 21748 21716
21782 40915 21748
21743 40926 40922
40926 21743 21744
21769 21831 21832
21831 21769 21768
21715 21833 21705
21712 21695 21703
40927 21712 21703
21721 21693 21720
21744 21746 21747
40930 21785 40931
40931 21791 40932
21785 21791 40931
40933 21794 21788
21788 21797 21783
21784 21789 21793
21787 40934 21788
40934 21787 40935
21787 40930 40935
40930 21787 21785
21792 21787 21783
21787 21792 21785
21785 21792 21791
21788 40934 40933
21788 21794 21796
21788 21783 21787
40936 21794 40933
21794 40936 21795
21789 21794 21795
21790 40936 40937
40936 21790 21795
21789 21795 21790
21794 21789 21796
21796 21789 21784
21784 21797 21796
21797 21784 21786
21783 21797 21786
40938 21799 21798
40912 21690 21799
40939 21830 21804
21860 21870 21861
21869 21860 21859
21871 21862 21861
21864 21873 21817
21873 21864 21863
21863 21872 21873
21872 21863 21862
21812 40940 40941
40940 21812 21813
40941 21808 21812
21808 40941 40942
40940 21813 40943
21883 40944 40943
40944 21883 21882
21775 40944 21882
21814 21865 21856
21815 21804 21830
40945 21798 21874
40945 21865 40946
40943 21884 21883
21884 40943 21813
21812 21886 21885
21886 21812 21808
21813 21885 21884
21885 21813 21812
21816 21864 21817
21808 21887 21886
21887 21808 21805
21805 40942 40947
40942 21805 21808
21894 21820 21896
40948 40949 21820
21822 21823 21821
21822 21824 21823
21825 21824 21826
21867 21875 21892
21821 21892 21875
40949 21782 21820
21773 21821 21823
21822 21799 21824
21823 21825 21780
21826 21690 21895
21824 21690 21826
21780 21825 21827
21782 21781 21896
21868 21859 21858
21856 21866 21857
21821 21775 21876
21830 21819 21840
21814 40950 40946
21874 21798 21875
21822 21875 21798
21823 21780 21773
21825 21823 21824
21825 21826 21827
21827 21781 21780
40951 40950 21893
21893 40950 21814
21775 21821 21773
21711 21767 21733
21767 21711 21770
21833 40952 21705
21715 21766 21833
21788 21796 21797
21754 21775 21773
21738 21744 21709
21756 21741 21709
21835 21697 21834
21697 21835 21713
21836 21713 21835
21713 21836 21701
21701 21837 21761
21837 21701 21836
21761 21838 21731
21838 21761 21837
21731 40921 40920
40921 21731 21838
21839 40953 21766
21715 21839 21766
21804 21897 40939
21830 21840 21815
21815 21840 21841
21829 21800 21841
21843 21829 21842
21843 21801 21828
21801 21843 21844
21844 21809 21801
21809 21844 21845
21845 21802 21809
21802 21845 21846
21810 21802 21846
21847 21840 21819
21841 21847 21848
21848 21849 21842
21850 21843 21849
21851 21844 21850
21851 21846 21845
21846 21851 21852
21852 21853 21810
21853 21854 21811
21855 21807 21811
21806 21807 21855
21814 21819 21893
21856 21819 21814
21847 21856 21857
21858 21848 21857
21859 21849 21858
21850 21859 21860
21861 21851 21860
21852 21861 21862
21862 21854 21853
21854 21862 21863
21854 21863 21864
21806 21855 21864
21865 21814 40946
21858 21857 21867
21866 21874 21875
21891 21868 21892
21869 21891 21890
21889 21870 21890
21871 21889 21888
21873 21872 21888
21866 21865 21874
21865 40945 21874
21867 21866 21875
21876 21891 21821
21890 21876 21877
21878 21889 21877
21888 21878 21879
21880 21873 21888
21877 21775 21882
21775 21877 21876
21882 21878 21877
21878 21882 21883
21879 21883 21884
21883 21879 21878
21880 21884 21885
21884 21880 21879
21881 21885 21886
21885 21881 21880
21886 21818 21881
21818 21886 21887
21817 21880 21881
21880 21817 21873
21881 21803 21817
21803 21881 21818
21880 21888 21879
40951 21893 21830
21819 21830 21893
21780 21746 21738
21820 21894 40948
40914 40948 21894
21895 40912 40913
40914 21894 21895
21849 21843 21842
21842 21829 21841
21843 21828 21829
21894 21826 21895
40939 40951 21830
21841 21800 21815
21842 21841 21848
21847 21841 21840
21856 21847 21819
21847 21857 21848
21858 21849 21848
21850 21844 21843
21859 21850 21849
21851 21845 21844
21851 21850 21860
21865 21866 21856
21866 21867 21857
21868 21858 21867
21868 21869 21859
21869 21870 21860
21861 21852 21851
21870 21871 21861
21871 21872 21862
21853 21852 21862
21867 21892 21868
21891 21869 21868
21870 21869 21890
21889 21871 21870
21872 21871 21888
21875 21822 21821
21891 21892 21821
21890 21891 21876
21889 21890 21877
21888 21889 21878
21718 21696 21717
40945 40938 21798
21824 21799 21690
21822 21798 21799
21799 40938 40912
21826 21894 21896
21781 21827 21896
21820 21782 21896
21826 21896 21827
40949 40915 21782
21816 21806 21864
21811 21854 21855
21811 21810 21853
21816 21817 21803
21810 21846 21852
21864 21855 21854
21897 40954 40939
