byte offset: 0
first index: 0
index count: 7554
topology: trianglelist
format: DXGI_FORMAT_R16_UINT

0 1 2
3 0 2
0 3 4
5 4 3
6 5 3
5 6 7
5 7 8
9 5 8
10 9 8
6 3 11
9 12 5
4 5 12
12 9 13
10 14 9
15 9 14
9 15 13
16 15 14
14 17 16
17 14 18
10 18 14
15 16 19
20 16 17
16 20 21
21 19 16
19 21 22
23 19 22
19 23 24
25 22 21
22 25 26
25 27 26
27 25 28
25 29 28
29 25 30
21 30 25
30 21 20
31 26 27
26 31 32
32 22 26
22 32 23
28 33 27
33 28 34
35 33 34
34 36 35
36 34 37
28 37 34
37 28 29
33 35 38
39 33 38
33 39 40
40 27 33
27 40 31
36 41 35
35 41 38
38 41 39
42 43 44
43 42 45
45 42 46
42 47 46
46 47 48
49 48 47
48 49 50
50 51 48
48 51 52
48 52 46
51 53 52
53 51 54
51 50 55
56 54 51
51 55 56
47 42 57
44 57 42
57 49 47
57 44 58
49 57 59
58 59 57
59 58 60
55 61 56
61 55 62
61 62 63
64 61 63
65 49 59
60 65 59
49 65 66
65 60 67
65 68 66
66 68 63
64 63 68
68 65 69
67 69 65
69 67 70
69 71 68
72 68 71
72 64 68
71 73 72
71 69 74
70 74 69
74 70 75
74 76 71
76 74 77
75 77 74
77 78 76
78 77 79
80 79 77
77 75 80
79 80 81
82 76 78
76 82 83
83 71 76
71 83 73
81 84 79
84 81 85
86 79 84
79 86 78
87 78 86
78 87 82
85 88 84
86 88 87
84 88 86
89 90 91
90 92 91
93 91 92
92 90 94
95 92 94
92 95 96
97 92 96
92 97 93
94 98 95
98 94 99
94 100 99
100 94 90
90 101 100
101 90 89
99 102 98
102 99 103
99 104 103
104 99 100
101 105 100
105 104 100
103 106 102
106 103 107
103 108 107
108 103 104
104 109 108
109 104 110
105 110 104
107 111 106
111 107 112
107 113 112
113 107 108
108 114 113
114 108 109
112 115 111
115 112 116
112 117 116
117 112 113
113 118 117
118 113 114
119 117 118
117 119 120
121 120 119
120 121 122
123 120 122
120 123 124
124 117 120
117 124 116
124 115 116
123 125 124
115 124 125
125 123 126
127 122 121
122 127 128
129 122 128
122 129 123
129 126 123
126 129 130
129 131 130
128 131 129
127 131 128
132 133 134
133 132 135
133 136 134
136 133 137
138 133 135
133 138 139
140 133 139
133 140 137
141 139 138
139 141 142
143 142 141
142 143 144
145 142 144
142 145 146
146 139 142
139 146 140
147 144 143
144 147 148
149 148 147
148 149 150
150 144 148
144 150 145
151 152 153
152 151 154
154 155 152
155 154 156
151 157 154
157 156 154
157 151 158
158 159 157
159 158 160
156 157 161
161 157 159
162 153 152
155 162 152
153 162 163
162 164 163
164 162 165
162 155 165
166 161 159
167 166 159
168 166 167
169 170 171
170 172 171
172 170 173
174 172 173
175 174 173
174 175 176
177 174 176
178 177 176
177 178 179
174 177 180
179 181 177
181 180 177
181 179 182
182 183 181
183 182 184
185 181 183
181 185 186
180 181 186
184 187 183
187 185 183
187 184 188
188 189 187
189 188 190
189 191 187
185 187 191
191 189 192
190 193 189
189 193 192
176 194 178
194 176 175
194 175 195
196 197 97
197 196 198
97 96 196
198 199 197
200 43 201
202 200 201
202 203 200
202 204 203
200 203 205
43 45 201
91 93 206
207 208 91
24 209 19
209 15 19
209 210 15
13 15 210
211 212 213
212 211 214
214 215 212
216 215 214
215 216 217
217 218 215
215 218 212
218 217 219
220 219 217
219 220 221
222 217 216
217 222 220
219 223 218
218 223 212
223 219 224
221 224 219
223 224 225
225 224 226
224 221 226
216 227 222
227 216 228
214 228 216
228 229 227
229 228 230
230 231 229
231 230 232
228 233 230
233 228 211
228 214 211
230 234 232
234 230 233
233 211 235
235 234 233
234 235 236
235 237 236
237 235 238
238 239 237
239 238 240
241 240 238
238 213 241
211 213 235
238 235 213
242 241 213
243 236 237
239 243 237
236 243 244
243 245 244
245 243 246
247 246 243
243 239 247
246 247 248
248 249 246
249 248 250
250 251 249
252 249 251
249 252 253
253 246 249
246 253 245
251 250 254
251 255 252
255 251 256
254 256 251
256 257 255
257 256 258
256 254 259
260 256 259
260 258 256
261 258 260
258 261 262
258 262 257
261 263 262
264 253 252
253 264 265
265 245 253
245 265 266
245 266 267
245 267 244
267 236 244
236 267 234
268 257 262
262 269 268
270 269 262
263 270 262
271 270 263
269 272 268
273 268 272
273 272 274
274 275 273
273 275 264
275 265 264
275 274 276
276 277 275
277 276 278
278 279 277
279 278 280
255 268 273
273 252 255
252 273 264
268 255 257
265 275 277
279 265 277
279 266 265
281 279 280
279 281 282
266 279 282
281 283 282
282 283 267
267 266 282
283 281 284
284 285 283
286 285 284
287 288 289
288 287 290
291 287 289
287 291 292
293 292 291
292 293 294
295 294 293
294 295 296
297 296 295
296 297 298
297 299 298
300 294 296
298 300 296
300 298 301
299 302 298
301 298 302
303 301 302
304 303 302
305 304 302
299 305 302
306 304 305
307 304 306
308 303 304
307 308 304
308 307 309
307 306 310
310 309 307
310 311 309
311 312 309
311 313 312
312 314 309
314 308 309
312 313 315
315 316 312
312 317 314
312 316 317
314 317 318
317 319 318
317 316 319
316 320 319
321 320 316
316 315 321
322 321 315
323 322 315
322 323 324
323 325 324
325 323 326
326 327 325
327 326 328
328 329 327
329 328 330
330 331 329
331 330 332
332 333 331
333 332 334
332 335 334
335 332 336
330 336 332
335 337 334
334 337 333
336 330 338
339 338 330
339 330 340
330 328 340
340 328 341
328 326 341
323 341 326
341 323 342
342 323 315
315 313 342
343 342 313
344 343 313
344 345 343
346 347 348
347 349 348
350 347 346
347 350 351
351 349 347
351 350 352
349 351 353
353 351 354
352 350 355
350 356 355
356 357 355
355 357 358
358 359 355
355 359 352
358 357 360
359 358 361
360 362 358
363 362 360
364 362 363
362 364 358
358 364 361
363 365 364
364 366 361
364 367 366
368 361 366
368 366 369
370 368 369
369 371 370
371 372 370
364 373 367
365 373 364
374 375 376
375 374 377
378 376 375
376 378 379
380 375 377
375 380 381
382 375 381
375 382 378
380 383 381
383 380 384
385 381 383
381 385 382
383 386 385
386 383 387
387 388 386
388 387 389
387 390 389
390 387 391
391 383 384
383 391 387
392 389 390
389 392 393
394 393 392
393 394 395
396 395 394
395 396 397
398 397 396
397 398 399
389 400 388
400 389 393
393 401 400
401 393 395
395 402 401
402 395 397
397 403 402
403 397 399
404 403 399
404 399 398
405 406 407
408 409 410
409 408 411
412 408 410
409 411 413
410 414 412
414 415 412
415 414 416
417 415 416
415 417 418
419 415 418
415 419 420
421 418 417
418 421 422
423 422 421
422 423 424
425 422 424
422 425 426
426 418 422
418 426 419
427 415 420
415 427 412
424 428 425
428 424 429
429 430 428
430 429 431
429 432 431
432 429 433
424 433 429
433 424 423
432 434 431
431 434 430
412 427 435
435 408 412
435 436 408
436 435 437
436 437 438
439 440 441
440 439 442
440 443 441
443 440 444
442 445 440
444 440 445
446 441 443
441 446 447
439 441 447
447 448 439
443 449 446
449 443 450
444 450 443
450 451 449
451 450 452
450 453 452
453 450 454
450 444 454
454 444 455
444 456 455
456 444 457
457 444 445
458 457 445
454 459 453
459 454 455
460 453 459
453 460 461
461 452 453
462 461 460
461 462 463
463 464 461
452 461 464
464 463 465
466 464 465
464 466 467
467 452 464
452 467 451
468 463 462
463 468 469
469 465 463
468 470 469
469 470 471
465 469 471
471 470 472
472 465 471
465 472 466
473 458 474
475 473 474
473 475 476
477 473 476
473 477 456
458 473 457
456 457 473
476 478 477
479 477 478
478 480 479
480 478 481
481 482 480
482 481 483
484 483 481
483 484 485
486 485 484
485 486 487
487 488 485
488 483 485
483 488 482
484 489 486
489 484 490
490 481 478
481 490 484
477 479 491
478 476 490
476 489 490
489 476 475
477 491 492
456 477 492
456 492 455
493 494 495
494 493 496
497 496 493
496 497 498
496 498 499
500 493 495
493 500 501
501 497 493
497 501 502
503 495 494
495 503 504
505 504 503
504 505 506
505 507 506
507 505 508
509 504 506
504 509 510
510 495 504
495 510 500
498 511 499
511 498 512
512 513 511
514 513 512
513 514 515
514 516 515
516 514 517
517 518 516
518 517 519
519 520 518
520 519 521
522 520 521
522 521 523
512 524 514
524 512 525
526 524 525
524 526 527
527 528 524
514 528 517
528 514 524
528 519 517
528 527 529
530 528 529
528 530 531
519 528 531
531 521 519
521 531 523
531 532 523
532 531 530
532 522 523
525 502 526
502 525 497
525 498 497
498 525 512
533 534 535
535 536 533
535 537 536
537 535 538
539 536 537
536 539 540
541 539 537
539 541 542
543 542 541
541 544 543
544 541 545
545 537 538
537 545 541
542 543 546
545 547 544
547 545 548
548 549 547
549 548 550
551 543 544
543 551 552
552 546 543
553 552 551
552 553 554
553 555 554
556 554 555
557 556 555
558 556 557
559 554 556
546 552 560
554 560 552
560 554 559
557 561 558
561 562 558
563 558 562
564 558 563
558 564 565
559 556 565
565 556 558
563 566 564
566 563 567
567 568 566
568 567 569
569 570 568
570 569 571
569 572 571
572 569 573
567 573 569
573 567 574
575 571 572
571 575 576
577 576 575
576 577 578
579 576 578
576 579 580
571 580 570
580 571 576
581 578 577
581 579 578
567 582 574
582 567 563
563 562 582
583 584 585
584 583 586
583 587 586
587 583 588
588 589 587
589 590 587
587 590 586
590 589 591
589 588 592
586 593 584
590 593 586
594 585 584
585 594 595
596 594 584
593 596 584
597 591 589
591 597 598
599 598 597
599 597 600
598 599 601
599 600 602
603 589 592
589 603 597
597 603 600
604 601 599
601 604 605
606 605 604
605 606 607
608 607 606
606 609 608
609 606 610
604 610 606
607 608 611
612 608 609
608 612 611
610 604 613
599 613 604
613 599 602
614 615 540
616 614 540
614 616 617
618 614 617
616 619 617
619 620 617
618 617 620
620 619 621
621 622 620
539 616 540
616 539 623
624 616 623
616 624 625
616 625 619
623 626 624
626 623 627
627 628 626
628 627 629
629 630 628
630 629 631
631 632 630
632 631 633
633 634 632
634 633 635
633 636 635
637 635 636
636 633 559
631 559 633
638 635 637
635 638 634
639 638 637
638 639 640
627 546 629
546 627 542
560 629 546
629 560 631
559 631 560
641 640 639
542 623 539
623 542 627
642 643 644
644 643 645
646 642 644
642 646 647
648 647 646
647 648 649
648 650 649
507 651 652
651 507 653
507 508 653
652 506 507
506 652 509
550 654 653
654 550 548
545 654 548
654 545 538
653 654 534
534 654 535
654 538 535
544 594 596
594 544 547
547 595 594
595 547 549
615 655 656
533 615 656
536 615 533
540 615 536
657 658 659
660 658 657
661 658 660
662 658 661
660 657 663
658 664 659
659 664 665
659 665 666
666 665 667
666 667 668
668 667 669
669 667 670
666 671 659
670 667 672
667 673 672
672 673 674
674 673 675
674 676 672
674 677 676
673 678 675
679 675 678
675 679 680
680 681 675
679 678 682
678 683 682
682 683 684
684 683 685
686 682 684
682 686 687
687 686 688
683 689 685
689 690 685
690 689 691
689 692 691
689 693 692
692 693 694
694 693 695
696 697 698
697 699 698
700 699 697
701 697 696
697 701 702
703 697 702
703 700 697
702 704 703
705 704 702
704 705 706
702 707 705
707 702 701
708 705 707
705 708 709
705 709 710
705 710 706
710 711 706
712 709 708
709 712 713
714 711 710
714 709 713
709 714 710
711 714 715
716 715 714
713 716 714
715 716 717
712 718 713
716 713 718
718 712 719
719 720 718
720 719 721
721 722 720
722 721 723
723 724 722
724 723 725
725 726 724
726 725 727
727 728 726
728 727 729
729 730 728
730 729 731
732 720 722
720 732 733
733 718 720
718 733 716
734 728 730
730 735 734
735 736 734
736 735 737
735 738 737
738 735 739
740 739 735
735 730 740
739 740 741
741 742 739
742 741 743
743 744 742
744 743 745
745 746 744
746 745 747
747 748 746
748 747 749
750 748 749
748 750 751
750 752 751
752 750 753
753 754 752
755 739 742
739 755 738
742 756 755
756 742 744
744 757 756
757 744 746
746 758 757
758 746 748
748 759 758
759 748 751
751 760 759
760 751 752
754 760 752
761 762 763
763 762 764
765 761 763
764 765 763
761 765 766
767 766 765
765 768 767
768 765 769
765 764 769
770 767 768
768 771 770
770 771 772
773 767 770
774 767 773
767 774 775
767 775 776
775 777 776
776 777 778
776 778 779
778 780 779
781 780 778
781 778 782
777 782 778
777 775 783
783 784 777
784 783 785
786 777 784
777 786 782
787 775 774
788 775 787
783 775 788
785 783 789
789 783 788
784 790 786
790 784 791
792 784 785
784 792 791
786 793 782
793 786 790
794 793 790
789 795 785
785 796 792
796 797 792
798 799 800
798 800 801
801 770 798
770 772 798
802 803 804
805 804 803
805 803 806
807 804 805
807 808 804
808 802 804
808 807 809
802 808 810
811 810 808
809 811 808
810 811 812
813 812 811
812 813 814
815 814 813
814 815 816
817 816 815
816 817 818
819 818 817
818 819 820
821 820 819
820 821 822
823 822 821
822 823 824
825 824 823
824 825 826
827 817 815
828 817 827
828 819 817
829 826 825
826 829 830
831 830 829
830 831 832
831 833 832
833 831 834
829 834 831
819 828 835
821 836 823
836 821 837
837 819 835
819 837 821
825 838 829
834 829 838
838 825 839
839 823 836
823 839 825
828 840 841
840 842 841
842 840 843
844 842 843
842 844 845
846 845 844
845 846 847
848 847 846
847 848 849
850 849 848
849 850 851
852 851 850
851 852 853
854 853 852
853 854 855
856 855 854
857 858 859
858 857 860
859 861 857
861 859 862
862 863 861
863 862 864
864 865 863
865 864 866
866 867 865
867 866 868
868 869 867
869 868 870
871 869 870
871 872 869
872 867 869
857 873 860
874 861 863
861 874 875
875 857 861
873 857 876
857 875 876
863 877 874
877 863 865
865 878 877
878 865 867
867 872 878
840 828 879
880 840 879
880 879 881
882 840 880
840 882 883
884 883 882
883 884 885
886 885 884
885 886 887
888 887 886
887 888 889
890 889 888
889 890 891
892 891 890
891 892 893
892 894 893
894 892 895
895 896 894
897 895 892
898 897 892
898 892 890
895 897 899
897 900 899
900 897 901
901 897 898
901 902 900
903 899 900
899 903 904
905 904 903
904 905 906
907 906 905
906 907 908
909 906 908
906 909 910
910 904 906
911 908 907
908 911 912
908 913 909
913 908 912
904 910 914
914 899 904
899 914 895
915 913 912
916 913 915
917 916 915
913 916 918
918 909 913
915 919 917
915 912 919
911 919 912
895 914 896
896 914 910
920 910 909
909 918 920
910 920 921
921 896 910
921 922 896
922 923 896
924 925 926
925 924 927
926 928 924
928 926 929
930 928 929
928 930 931
932 931 930
931 932 933
934 933 932
933 934 935
936 935 934
935 936 937
938 937 936
937 938 939
940 939 938
939 940 941
942 941 940
943 944 717
945 944 943
944 945 946
947 946 945
946 947 948
949 948 947
948 949 950
951 950 949
950 951 952
736 952 951
952 736 953
736 954 953
954 736 737
737 955 954
955 737 956
956 957 955
957 956 958
958 959 957
959 958 960
960 961 959
961 960 962
962 963 961
963 962 964
965 963 964
966 958 956
737 966 956
958 966 967
967 960 958
960 967 968
968 962 960
962 968 969
969 964 962
964 969 970
970 965 964
965 970 971
972 965 971
972 971 973
972 973 974
975 976 805
975 805 806
975 806 977
807 805 976
978 815 813
815 978 979
813 980 978
980 813 811
811 809 980
978 981 979
981 978 980
982 979 981
879 979 982
881 879 982
827 815 979
879 827 979
879 828 827
983 880 881
983 882 880
882 983 984
985 882 984
986 985 984
986 987 985
987 986 988
886 985 987
985 886 884
985 884 882
989 886 987
990 989 987
988 990 987
991 989 990
990 992 991
991 992 993
992 994 993
994 992 995
994 996 993
996 994 997
997 998 996
999 996 998
996 999 1000
1000 993 996
1000 999 902
998 997 1001
1001 1002 998
1002 1001 1003
1003 1004 1002
1004 1003 1005
1006 1002 1004
1002 1006 1007
1007 998 1002
998 1007 999
1008 1007 1006
1007 1008 1009
1009 999 1007
999 1009 902
1005 1010 1004
1010 1005 1011
1012 1010 1011
1010 1012 1013
1014 1010 1013
1010 1014 1015
1015 1004 1010
1004 1015 1006
1016 1015 1014
1015 1016 1017
1017 1006 1015
1006 1017 1008
1014 1018 1016
1012 1018 1013
1013 1018 1014
728 734 1019
1019 726 728
726 1019 1020
1020 724 726
724 1020 1021
1021 722 724
722 1021 732
734 951 1019
951 1020 1019
951 734 736
1020 951 949
949 1021 1020
1021 949 947
947 732 1021
732 947 945
945 733 732
733 945 943
943 716 733
716 943 717
1022 1023 1024
1025 1026 706
706 1027 1025
1028 1025 1027
1025 1028 1029
1028 1030 1029
1030 1031 1029
1025 1029 1031
1031 1030 1032
1032 1033 1031
1033 1032 1034
1033 1035 1031
1031 1035 1036
1025 1031 1036
1025 1036 1026
1035 1037 1036
1036 1037 1026
1035 1033 1038
1039 1034 1032
1034 1039 1040
1041 1040 1039
1040 1041 1042
1030 1043 1032
1043 1039 1032
1044 1043 1030
1045 1043 1044
1043 1045 1046
1046 1039 1043
1039 1046 1041
1047 1046 1045
1046 1047 1048
1049 1048 1047
1048 1049 1050
1051 1050 1049
1050 1051 1052
1053 1052 1051
1052 1053 1054
1055 1054 1053
1054 1055 1056
1057 1056 1055
1056 1057 1058
1057 1059 1058
1059 1060 1058
1060 1059 1061
1059 1062 1061
1062 1059 1063
1063 1064 1062
1064 1063 1065
1065 1066 1064
1066 1065 1067
1064 1068 1062
1066 1068 1064
1068 1066 1069
1070 1069 1066
1067 1070 1066
1069 1070 1071
1072 1069 1071
1069 1072 1073
1074 1073 1072
1073 1074 1075
1076 1072 1071
1072 1076 1077
1078 1072 1077
1072 1078 1074
1079 1067 1065
1067 1079 1080
1080 1081 1067
1070 1067 1081
1081 1080 1082
1082 1083 1081
1083 1082 1084
1081 1083 1085
1071 1085 1076
1085 1071 1070
1081 1085 1070
1086 1078 1077
1078 1086 1087
1088 1087 1086
1086 1089 1088
1089 1086 1090
1077 1090 1086
1090 1077 1076
1085 1090 1076
1090 1085 1091
1089 1090 1091
1083 1091 1085
1087 1088 1092
1093 1091 1083
1084 1093 1083
1091 1093 1094
1089 1091 1094
1094 1095 1089
1093 1084 1096
1097 1094 1093
1094 1097 1098
1099 1098 1097
1098 1099 1100
1101 1100 1099
1099 1102 1101
1102 1099 1103
1097 1103 1099
1100 1101 1104
1105 1100 1104
1100 1105 1106
1106 1098 1100
1098 1106 1107
1094 1107 1095
1107 1094 1098
1103 1097 1108
1093 1108 1097
1108 1093 1096
1109 1101 1102
1101 1109 1110
1110 1104 1101
1109 1111 1110
1111 1109 1112
1111 1113 1110
1104 1110 1113
1113 1111 1114
1114 1115 1113
1104 1115 1105
1115 1104 1113
1115 1114 1116
1112 1117 1111
1111 1117 1114
1117 1116 1114
1118 1119 1120
1119 1118 1121
1120 1122 1118
1122 1120 1123
1088 1121 1118
1121 1088 1089
1092 1118 1122
1118 1092 1088
1124 1120 1119
1120 1124 1125
1125 1123 1120
1126 1125 1124
1125 1126 1127
1127 1128 1125
1123 1125 1128
1128 1127 1129
1126 1130 1127
1127 1130 1129
1131 1132 1133
1132 1131 1134
1134 1135 1132
1135 1134 1060
1061 1135 1060
1135 1061 1136
1136 1061 1137
1133 1138 1131
1138 1133 1139
1139 1140 1138
1140 1139 1141
1141 1142 1140
1142 1141 1143
1134 1058 1060
1058 1134 1056
1131 1056 1134
1056 1131 1054
1138 1054 1131
1054 1138 1052
1140 1052 1138
1052 1140 1050
1142 1050 1140
1050 1142 1048
1142 1046 1048
1046 1142 1041
1143 1041 1142
1041 1143 1042
1144 1145 1146
1145 1144 1137
1147 1146 1145
1146 1147 1148
1149 1148 1147
1148 1149 1150
1151 1150 1149
1150 1151 1152
1153 1152 1151
1152 1153 1154
1153 1155 1154
1156 1155 1153
1151 1156 1153
1156 1151 1157
1149 1157 1151
1157 1149 1158
1147 1158 1149
1158 1147 1159
1160 1159 1147
1160 1147 1145
1137 1161 1145
1161 1160 1145
1162 1163 1164
1163 1165 1164
1163 1166 1165
1167 1166 1163
1168 1167 1163
1162 1168 1163
1169 1168 1162
1168 1169 1170
1166 1167 1171
1170 1172 1168
1168 1172 1167
1172 1170 1173
1172 1174 1167
1174 1171 1167
1171 1174 1175
1173 1176 1172
1176 1173 1177
1178 1172 1176
1172 1178 1174
1174 1179 1175
1179 1174 1178
1177 1180 1176
1176 1180 1178
1180 1179 1178
1169 1162 1181
1162 1164 1181
1181 1182 1169
1182 1181 1183
1184 1182 1183
1185 1065 1063
1065 1185 1079
1063 1186 1185
1186 1063 1059
1059 1057 1186
1028 1044 1030
1187 1188 1189
995 1189 1188
1189 995 992
1189 992 1190
993 1000 1191
1191 1000 1192
991 993 1191
991 1191 1192
898 991 1192
991 898 890
888 991 890
991 888 989
886 989 888
1000 901 1192
898 1192 901
1000 902 901
1193 776 779
767 776 1193
1194 1195 1196
1195 1194 1197
1198 1194 1196
1194 1198 1199
1200 1199 1198
1195 1201 1196
1201 1195 1202
1195 1203 1202
1203 1195 1204
1197 1204 1195
1203 1205 1202
1205 1203 1206
1207 1196 1201
1196 1207 1198
1198 1207 1208
1200 1198 1208
1209 1202 1205
1202 1209 1201
1209 1207 1201
1207 1209 1210
1210 1211 1207
1207 1211 1208
1211 1210 1212
1213 1206 1203
1206 1213 1214
1213 1215 1214
1215 1213 1216
1217 1216 1213
1216 1218 1215
1218 1216 1219
1216 1220 1219
1216 1217 1220
1217 1221 1220
1221 1217 1222
1217 1223 1222
1223 1224 1222
1223 1217 1225
1225 1217 1213
1226 1222 1224
1222 1226 1227
1227 1221 1222
1228 1221 1227
1221 1228 1229
1229 1220 1221
1220 1229 1230
1230 1219 1220
1231 1229 1228
1229 1231 1232
1232 1230 1229
1231 1233 1232
1233 1231 1234
1234 1235 1233
1235 1234 1236
1230 1232 1237
1232 1238 1237
1238 1232 1239
1239 1240 1238
1240 1239 1241
1242 1238 1240
1238 1242 1243
1238 1243 1244
1238 1244 1237
1237 1244 1245
1237 1245 1230
1230 1245 1219
1241 1246 1240
1246 1242 1240
1246 1241 1247
1242 1246 1248
1249 1219 1245
1244 1249 1245
1219 1249 1218
1249 1244 1250
1243 1250 1244
1247 1251 1246
1251 1248 1246
1251 1247 1252
1253 1251 1252
1251 1253 1254
1255 1251 1254
1251 1255 1256
1248 1251 1256
1257 1254 1253
1254 1257 1258
1254 1259 1255
1259 1254 1258
1260 1258 1257
1258 1260 1261
1258 1262 1259
1262 1258 1261
1263 1261 1260
1261 1263 1264
1265 1264 1263
1264 1265 1266
1267 1264 1266
1264 1267 1268
1261 1268 1262
1268 1261 1264
1269 1266 1265
1266 1269 1270
1271 1270 1269
1270 1271 1272
1273 1270 1272
1270 1273 1274
1266 1274 1267
1274 1266 1270
1271 1275 1272
1275 1273 1272
1276 1197 1277
1204 1197 1276
1276 1225 1204
1225 1276 1223
1223 1276 1277
1224 1223 1277
1203 1204 1225
1203 1225 1213
1278 1279 1280
1278 1281 1279
1281 1278 1282
1282 1283 1281
1284 1283 1282
1283 1284 1285
1284 1286 1285
1286 1284 1287
1288 1286 1287
1286 1288 1289
1289 1290 1286
1291 1289 1288
1289 1291 1292
1292 1293 1289
1289 1293 1290
1293 1292 1294
1294 1295 1293
1296 1292 1291
1292 1296 1297
1298 1292 1297
1292 1298 1294
1298 1299 1294
1299 1298 1300
1294 1299 1301
1294 1301 1295
1297 1302 1298
1302 1300 1298
1302 1297 1303
1303 1304 1302
1304 1303 1305
1303 1306 1305
1306 1303 1307
1297 1307 1303
1307 1297 1296
1304 1308 1302
1300 1302 1308
1308 1304 1309
1310 1304 1305
1304 1310 1311
1311 1309 1304
1310 1312 1311
1312 1310 1313
1310 1314 1313
1314 1310 1315
1305 1315 1310
1315 1305 1306
1316 1311 1312
1311 1316 1317
1309 1311 1317
1313 1318 1312
1318 1313 1319
1319 1320 1318
1320 1319 1321
1319 1322 1321
1322 1319 1323
1313 1323 1319
1323 1313 1314
1324 1318 1320
1318 1324 1325
1325 1312 1318
1312 1325 1316
1322 1326 1321
1321 1326 1320
1320 1326 1324
1235 1327 1328
1327 1235 1329
1329 1330 1327
1330 1329 1331
1331 1332 1330
1332 1331 1333
1333 1334 1332
1334 1333 1335
1336 1335 1333
1335 1336 1337
1337 1338 1335
1338 1337 1339
1335 1340 1334
1340 1335 1338
1339 1341 1338
1341 1339 1342
1338 1343 1340
1343 1338 1341
1344 1333 1331
1333 1344 1336
1345 1341 1342
1346 1345 1342
1347 1346 1342
1347 1342 1339
1347 1339 1348
1339 1349 1348
1339 1337 1349
1337 1350 1349
1337 1336 1350
1351 1350 1336
1351 1336 1344
1345 1346 1352
1353 1345 1352
1345 1353 1354
1355 1345 1354
1345 1355 1356
1341 1345 1356
1357 1356 1355
1356 1357 1358
1341 1358 1343
1358 1341 1356
1359 1354 1353
1354 1359 1360
1361 1360 1359
1360 1361 1362
1363 1360 1362
1360 1363 1364
1364 1354 1360
1354 1364 1355
1363 1365 1364
1355 1365 1357
1365 1355 1364
1365 1363 1366
1361 1367 1362
1367 1363 1362
1367 1361 1368
1368 1369 1367
1369 1368 1370
1369 1371 1367
1363 1367 1371
1371 1366 1363
1371 1369 1372
1372 1373 1371
1366 1371 1373
1373 1372 1374
1370 1375 1369
1369 1375 1372
1375 1374 1372
1376 1377 1378
1377 1376 1379
1379 1380 1377
1380 1379 1381
1381 1382 1380
1381 1383 1382
1384 1382 1383
1385 1384 1383
1386 1384 1385
1386 1387 1384
1386 1388 1387
1387 1388 1389
1388 1390 1389
1391 1392 1393
1392 1391 1394
1395 1393 1392
1393 1395 1396
1395 1397 1396
1397 1395 1398
1398 1399 1397
1399 1398 1400
1400 1401 1399
1401 1400 1402
1401 1402 1403
1401 1403 1404
1404 1403 1405
1405 1406 1404
1407 1404 1406
1404 1407 1408
1409 1406 1405
1406 1409 1410
1411 1410 1409
1410 1411 1412
1413 1410 1412
1410 1413 1414
1414 1406 1410
1415 1412 1411
1412 1415 1416
1417 1412 1416
1412 1417 1413
1406 1414 1418
1418 1407 1406
1419 1416 1415
1416 1419 1420
1421 1416 1420
1416 1421 1417
1422 1420 1419
1420 1422 1423
1422 1424 1423
1424 1422 1425
1426 1423 1424
1423 1426 1427
1427 1420 1423
1420 1427 1421
1425 1428 1424
1428 1425 1429
1429 1430 1428
1430 1429 1431
1432 1428 1430
1428 1432 1433
1433 1424 1428
1424 1433 1426
1434 1430 1431
1430 1434 1432
1435 1436 1437
1436 1435 1438
1439 1437 1436
1436 1440 1439
1435 1437 1441
1441 1437 1442
1443 1442 1437
1443 1437 1439
1444 1443 1439
1444 1439 1445
1445 1439 1440
1446 1445 1440
1441 1447 1435
1447 1438 1435
1448 1446 1440
1440 1449 1448
1449 1440 1436
1449 1450 1448
1450 1449 1451
1451 1452 1450
1452 1451 1453
1454 1452 1453
1455 1448 1450
1452 1455 1450
1448 1455 1456
1448 1456 1446
1449 1396 1451
1396 1453 1451
1396 1449 1393
1436 1393 1449
1393 1436 1391
1453 1396 1397
1397 1454 1453
1454 1397 1399
1457 1454 1399
1457 1399 1401
1404 1457 1401
1436 1438 1391
1458 1391 1438
1391 1458 1394
1438 1447 1458
1328 1459 1233
1233 1459 1232
1235 1328 1233
1236 1329 1235
1329 1236 1460
1236 1461 1460
1461 1236 1462
1236 1463 1462
1463 1236 1234
1234 1464 1463
1464 1234 1231
1231 1465 1464
1465 1231 1228
1227 1465 1228
1465 1227 1226
1351 1460 1461
1460 1351 1344
1460 1331 1329
1331 1460 1344
1211 1466 1467
1466 1211 1212
1467 1466 1468
1211 1467 1469
1211 1469 1208
1208 1469 1470
1208 1470 1200
1068 1137 1062
1068 1471 1137
1472 1471 1068
1472 1068 1069
1069 1073 1472
1073 1473 1472
1473 1073 1075
1061 1062 1137
1144 1136 1137
1474 1475 1476
1477 1478 1290
1293 1477 1290
1477 1293 1295
1479 1480 1481
1480 1482 1481
1480 1483 1482
1483 1480 1484
1484 1480 1485
1486 1483 1484
1484 1487 1486
1487 1484 1485
1483 1486 1488
1486 1489 1488
1489 1486 1490
1491 1490 1486
1491 1486 1487
1492 1491 1487
1493 1487 1485
1492 1487 1493
1494 1492 1493
1495 1485 1480
1495 1493 1485
1495 1480 1479
1496 1494 1493
1493 1495 1497
1497 1496 1493
1498 1497 1495
1499 1497 1498
1497 1499 1500
1496 1497 1500
1501 1499 1498
1501 1498 1502
1502 1498 1503
1479 1503 1495
1498 1495 1503
1504 1488 1489
1488 1504 1505
1506 1505 1504
1505 1506 1507
1507 1508 1505
1508 1507 1509
1509 1510 1508
1510 1509 1511
1512 1511 1509
1511 1512 1513
1514 1513 1512
1513 1514 1515
1516 1515 1514
1515 1516 1517
1518 1517 1516
1517 1518 1519
1518 1520 1519
1520 1518 1521
1521 1522 1520
1522 1521 1523
1523 1524 1522
1524 1523 1525
1525 1526 1524
1526 1525 1527
1528 1526 1527
1526 1528 1529
1518 1530 1521
1530 1518 1531
1516 1531 1518
1523 1532 1525
1532 1527 1525
1532 1523 1533
1521 1533 1523
1533 1521 1530
1534 1532 1533
1535 1533 1530
1534 1533 1535
1527 1532 1536
1532 1537 1536
1532 1534 1537
1527 1538 1528
1538 1527 1536
1536 1539 1538
1536 1537 1539
1540 1538 1539
1538 1540 1541
1542 1541 1540
1541 1542 1543
1544 1543 1542
1543 1544 1545
1546 1545 1544
1545 1546 1547
1548 1547 1546
1547 1548 1549
1548 1550 1549
1549 1551 1547
1551 1549 1552
1549 1553 1552
1549 1550 1553
1553 1554 1552
1554 1553 1555
1556 1553 1550
1553 1556 1557
1557 1555 1553
1555 1557 1558
1559 1552 1554
1552 1559 1551
1560 1551 1559
1551 1560 1561
1561 1547 1551
1562 1561 1560
1561 1562 1563
1564 1563 1562
1563 1564 1565
1564 1566 1565
1566 1564 1567
1557 1568 1558
1556 1568 1557
1565 1543 1563
1543 1565 1541
1565 1538 1541
1538 1565 1528
1545 1563 1543
1563 1545 1561
1547 1561 1545
1567 1569 1566
1569 1567 1570
1570 1571 1569
1571 1570 1572
1572 1573 1571
1573 1572 1574
1565 1529 1528
1574 1575 1573
1575 1574 1576
1577 1575 1576
1575 1577 1578
1579 1578 1577
1578 1579 1580
1579 1581 1580
1581 1579 1582
1582 1583 1581
1584 1585 1586
1585 1587 1586
1588 1587 1585
1587 1589 1586
1584 1590 1585
1590 1588 1585
1590 1591 1588
1591 1590 1592
1592 1590 1593
1590 1584 1593
1592 1593 1594
1592 1594 1595
1594 1596 1595
1596 1594 1597
1597 1598 1596
1598 1597 1599
1599 1600 1598
1600 1599 1601
1601 1602 1600
1602 1601 1603
1603 1604 1602
1604 1603 1605
1605 1606 1604
1606 1605 1607
1607 1608 1606
1608 1607 1609
1610 1608 1609
1608 1610 1611
1612 1611 1610
1611 1612 1613
1614 1611 1613
1611 1614 1615
1615 1608 1611
1616 1613 1612
1613 1616 1617
1618 1617 1616
1617 1618 1619
1620 1617 1619
1617 1620 1621
1621 1613 1617
1613 1621 1614
1618 1622 1619
1622 1618 1623
1623 1624 1622
1624 1623 1625
1626 1622 1624
1622 1626 1627
1627 1619 1622
1619 1627 1620
1628 1624 1625
1624 1628 1626
1608 1615 1629
1629 1606 1608
1606 1629 1630
1630 1604 1606
1604 1630 1631
1631 1602 1604
1602 1631 1632
1632 1600 1602
1600 1632 1633
1633 1598 1600
1598 1633 1634
1634 1596 1598
1596 1634 1635
1635 1595 1596
1595 1635 1636
1636 1592 1595
1592 1636 1637
1637 1591 1592
1638 1639 1640
1641 1638 1640
1642 1643 1644
1643 1642 1645
1644 1646 1642
1646 1644 1647
1648 1646 1647
1646 1648 1649
1650 1649 1648
1649 1650 1651
1652 1651 1650
1651 1652 1653
1654 1653 1652
1653 1654 1655
1654 1656 1655
1645 1657 1643
1657 1658 1643
1658 1657 1659
1645 1660 1657
1661 1662 1663
1662 1661 1664
1665 1661 1663
1661 1665 1666
1662 1667 1663
1667 1662 1668
1663 1669 1665
1669 1663 1667
1670 1664 1661
1666 1670 1661
1664 1670 1671
1670 1666 1672
1668 1673 1667
1673 1669 1667
1673 1668 1674
1674 1675 1673
1675 1674 1676
1677 1673 1675
1673 1677 1678
1669 1673 1678
1679 1675 1676
1675 1679 1680
1680 1677 1675
1681 1680 1679
1680 1681 1682
1682 1683 1680
1677 1680 1683
1683 1682 1684
1681 1685 1682
1685 1684 1682
1686 1671 1670
1670 1687 1686
1687 1670 1672
1688 1511 1686
1511 1688 1510
1671 1686 1511
1481 1510 1688
1510 1481 1482
1482 1508 1510
1508 1482 1483
1483 1505 1508
1505 1483 1488
1689 1690 1691
1690 1689 1692
1693 1691 1690
1691 1693 1694
1691 1695 1689
1690 1696 1693
1696 1690 1697
1692 1697 1690
1698 1696 1697
1697 1692 1699
1699 1700 1697
1697 1700 1698
1700 1701 1698
1701 1700 1702
1702 1703 1701
1703 1702 1704
1705 1704 1702
1704 1705 1706
1706 1707 1704
1707 1706 1708
1708 1709 1707
1709 1708 1710
1710 1711 1709
1711 1710 1712
1712 1713 1711
1713 1712 1714
1714 1715 1713
1715 1714 1716
1702 1717 1705
1717 1702 1700
1700 1699 1717
1716 1718 1715
1718 1716 1719
1719 1720 1718
1720 1719 1721
1721 1722 1720
1722 1721 1723
1723 1724 1722
1724 1723 1725
1725 1726 1724
1726 1725 1727
1727 1728 1726
1728 1727 1729
1729 1730 1728
1730 1729 1731
1731 1732 1730
1732 1731 1733
1733 1734 1732
1734 1733 1735
1735 1736 1734
1736 1735 1737
1737 1738 1736
1738 1737 1739
1739 1740 1738
1740 1739 1741
1741 1742 1740
1742 1741 1743
1743 1744 1742
1744 1743 1745
1745 1746 1744
1746 1745 1747
1748 1744 1746
1744 1748 1749
1749 1742 1744
1746 1750 1748
1747 1750 1746
1742 1749 1751
1751 1740 1742
1752 1736 1738
1736 1752 1753
1753 1734 1736
1734 1753 1754
1754 1755 1734
1755 1732 1734
1755 1730 1732
1730 1755 1756
1756 1728 1730
1728 1756 1757
1757 1726 1728
1726 1757 1758
1758 1724 1726
1724 1758 1759
1758 1760 1759
1761 1759 1760
1759 1761 1762
1761 1763 1762
1763 1761 1764
1764 1765 1763
1765 1764 1766
1766 1767 1765
1767 1766 1768
1768 1769 1767
1713 1767 1769
1767 1713 1715
1715 1765 1767
1769 1711 1713
1711 1769 1770
1771 1770 1769
1769 1768 1771
1772 1771 1768
1771 1772 1773
1772 1774 1773
1774 1775 1773
1775 1774 1776
1774 1772 1777
1778 1777 1772
1768 1778 1772
1777 1778 1779
1780 1779 1778
1779 1780 1781
1782 1781 1780
1781 1782 1783
1782 1784 1783
1784 1782 1785
1785 1786 1784
1786 1785 1787
1787 1788 1786
1788 1787 1789
1789 1790 1788
1790 1789 1791
1792 1791 1789
1791 1792 1793
1793 1794 1791
1794 1793 1795
1795 1796 1794
1797 1794 1796
1794 1797 1798
1798 1791 1794
1791 1798 1790
1796 1799 1797
1799 1796 1800
1796 1795 1800
1801 1787 1785
1785 1802 1801
1802 1785 1782
1782 1803 1802
1803 1782 1780
1780 1804 1803
1804 1780 1778
1778 1768 1804
1787 1801 1805
1805 1789 1787
1789 1805 1792
1806 1807 1808
1807 1806 1809
1807 1810 1808
1810 1807 1811
1811 1812 1810
1812 1811 1813
1813 1814 1812
1814 1813 1815
1815 1816 1814
1816 1815 1817
1816 1818 1814
1818 1812 1814
1818 1816 1819
1817 1820 1816
1820 1817 1821
1821 1822 1820
1822 1821 1823
1822 1823 1824
1812 1818 1825
1825 1810 1812
1810 1825 1826
1816 1827 1819
1827 1816 1820
1822 1827 1820
1826 1808 1810
1808 1826 1828
1828 1806 1808
1806 1828 1829
1829 1830 1806
1806 1830 1809
1830 1829 1716
1716 1831 1830
1831 1716 1714
1714 1832 1831
1832 1714 1712
1832 1712 1710
1809 1830 1833
1834 1835 1836
1835 1834 1837
1837 1834 1838
1834 1839 1838
1835 1840 1836
1840 1835 1841
1842 1840 1841
1840 1842 1843
1844 1843 1842
1843 1844 1845
1844 1846 1845
1846 1844 1847
1847 1848 1846
1848 1847 1849
1849 1850 1848
1850 1849 1851
1839 1852 1838
1841 1853 1842
1853 1841 1696
1854 1842 1853
1842 1854 1844
1854 1847 1844
1847 1854 1855
1855 1849 1847
1849 1855 1856
1856 1851 1849
1851 1856 1857
1857 1775 1851
1775 1857 1858
1858 1773 1775
1773 1858 1771
1770 1771 1858
1858 1859 1770
1709 1770 1859
1859 1707 1709
1707 1859 1860
1860 1704 1707
1704 1860 1703
1861 1860 1859
1859 1858 1861
1860 1861 1862
1862 1703 1860
1703 1862 1863
1863 1701 1703
1701 1863 1864
1864 1698 1701
1698 1864 1865
1698 1865 1696
1770 1709 1711
1841 1693 1696
1693 1841 1835
1835 1694 1693
1694 1835 1837
1866 1694 1837
1867 1694 1866
1868 1867 1866
1867 1868 1869
1868 1866 1838
1866 1837 1838
1694 1867 1691
1691 1867 1695
1867 1869 1695
1852 1868 1838
1870 1871 1872
1871 1870 1873
1874 1872 1871
1872 1874 1875
1876 1875 1874
1875 1876 1877
1876 1878 1877
1878 1876 1879
1879 1880 1878
1880 1879 1881
1882 1880 1881
1880 1882 1883
1882 1884 1883
1885 1873 1870
1873 1885 1886
1887 1886 1885
1886 1887 1888
1889 1888 1887
1888 1889 1890
1507 1890 1889
1890 1507 1506
1889 1509 1507
1509 1889 1512
1891 1512 1889
1512 1891 1514
1892 1514 1891
1514 1892 1516
1531 1516 1892
1893 1894 1895
1894 1893 1896
1897 1896 1893
1898 1895 1894
1895 1898 1899
1900 1899 1898
1899 1900 1901
1902 1901 1900
1901 1902 1903
1904 1903 1902
1903 1904 1905
1902 1906 1904
1907 1904 1906
1904 1907 1908
1907 1909 1908
1909 1907 1910
1910 1911 1909
1911 1910 1912
1911 1912 1913
1760 1758 1914
1757 1914 1758
1914 1757 1915
1756 1915 1757
1915 1756 1916
1755 1916 1756
1916 1755 1917
1754 1917 1755
1765 1715 1718
1718 1763 1765
1763 1718 1720
1720 1762 1763
1762 1720 1722
1722 1759 1762
1759 1722 1724
1918 1535 1530
1738 1919 1752
1919 1738 1740
1740 1751 1919
1851 1776 1850
1776 1851 1775
