stride: 84
first vertex: 0
vertex count: 200
topology: trianglelist
element[0]:
  SemanticName: POSITION
  SemanticIndex: 0
  Format: R32G32B32_FLOAT
  InputSlot: 0
  AlignedByteOffset: 0
  InputSlotClass: per-vertex
  InstanceDataStepRate: 0
element[1]:
  SemanticName: NORMAL
  SemanticIndex: 0
  Format: R32G32B32_FLOAT
  InputSlot: 0
  AlignedByteOffset: 12
  InputSlotClass: per-vertex
  InstanceDataStepRate: 0
element[2]:
  SemanticName: TANGENT
  SemanticIndex: 0
  Format: R32G32B32A32_FLOAT
  InputSlot: 0
  AlignedByteOffset: 24
  InputSlotClass: per-vertex
  InstanceDataStepRate: 0
element[3]:
  SemanticName: BLENDWEIGHTS
  SemanticIndex: 0
  Format: R32G32B32A32_FLOAT
  InputSlot: 0
  AlignedByteOffset: 40
  InputSlotClass: per-vertex
  InstanceDataStepRate: 0
element[4]:
  SemanticName: BLENDINDICES
  SemanticIndex: 0
  Format: R32G32B32A32_UINT
  InputSlot: 0
  AlignedByteOffset: 56
  InputSlotClass: per-vertex
  InstanceDataStepRate: 0
element[5]:
  SemanticName: COLOR
  SemanticIndex: 0
  Format: R8G8B8A8_UNORM
  InputSlot: 0
  AlignedByteOffset: 72
  InputSlotClass: per-vertex
  InstanceDataStepRate: 0
element[6]:
  SemanticName: TEXCOORD
  SemanticIndex: 0
  Format: R32G32_FLOAT
  InputSlot: 0
  AlignedByteOffset: 76
  InputSlotClass: per-vertex
  InstanceDataStepRate: 0

vertex-data:

vb0[0]+000 POSITION: -0.041124653071165085, 1.834238052368164, 0.07775674760341644
vb0[0]+012 NORMAL: -0.16760535538196564, -0.1540127396583557, 0.9737497568130493
vb0[0]+024 TANGENT: -0.6999386548995972, -0.3009606599807739, 0.6476947069168091, -1.0
vb0[0]+040 BLENDWEIGHTS: 1.0, 0.0, 0.0, 0.0
vb0[0]+056 BLENDINDICES: 0, 0, 0, 0
vb0[0]+072 COLOR: 1.0, 0.5019607843137255, 0.5019607843137255, 0.0
vb0[0]+076 TEXCOORD: 0.4690748453140259, 0.6700815558433533

vb0[1]+000 POSITION: -0.0335434190928936, 1.8361456394195557, 0.07936333119869232
vb0[1]+012 NORMAL: -0.23546400666236877, -0.16768351197242737, 0.9573081731796265
vb0[1]+024 TANGENT: -0.23572765290737152, -0.16266703605651855, 0.9581085443496704, -1.0
vb0[1]+040 BLENDWEIGHTS: 1.0, 0.0, 0.0, 0.0
vb0[1]+056 BLENDINDICES: 0, 0, 0, 0
vb0[1]+072 COLOR: 1.0, 0.5019607843137255, 0.5019607843137255, 0.0
vb0[1]+076 TEXCOORD: 0.4376884698867798, 0.680337131023407

vb0[2]+000 POSITION: -0.04153960570693016, 1.8361396789550781, 0.07800684124231339
vb0[2]+012 NORMAL: -0.1646054983139038, -0.1727231740951538, 0.9711188077926636
vb0[2]+024 TANGENT: -0.74417644739151, -0.15692995488643646, 0.6492875218391418, -1.0
vb0[2]+040 BLENDWEIGHTS: 1.0, 0.0, 0.0, 0.0
vb0[2]+056 BLENDINDICES: 0, 0, 0, 0
vb0[2]+072 COLOR: 1.0, 0.5019607843137255, 0.5019607843137255, 0.0
vb0[2]+076 TEXCOORD: 0.4710044860839844, 0.678001880645752

vb0[3]+000 POSITION: -0.040243931114673615, 1.832467794418335, 0.07765126973390579
vb0[3]+012 NORMAL: -0.17506155371665955, -0.13505956530570984, 0.9752498865127563
vb0[3]+024 TANGENT: -0.6289125084877014, -0.4223027527332306, 0.6527859568595886, -1.0
vb0[3]+040 BLENDWEIGHTS: 1.0, 0.0, 0.0, 0.0
vb0[3]+056 BLENDINDICES: 0, 0, 0, 0
vb0[3]+072 COLOR: 1.0, 0.5019607843137255, 0.5019607843137255, 0.0
vb0[3]+076 TEXCOORD: 0.4652351140975952, 0.6622490882873535

vb0[4]+000 POSITION: -0.039170850068330765, 1.831208348274231, 0.07768993824720383
vb0[4]+012 NORMAL: -0.18663367629051208, -0.11784595996141434, 0.975335955619812
vb0[4]+024 TANGENT: -0.5419785380363464, -0.5142222046852112, 0.6647065281867981, -1.0
vb0[4]+040 BLENDWEIGHTS: 1.0, 0.0, 0.0, 0.0
vb0[4]+056 BLENDINDICES: 0, 0, 0, 0
vb0[4]+072 COLOR: 1.0, 0.5019607843137255, 0.5019607843137255, 0.0
vb0[4]+076 TEXCOORD: 0.45986831188201904, 0.6559064388275146

vb0[5]+000 POSITION: -0.03770989552140236, 1.8300771713256836, 0.07784939557313919
vb0[5]+012 NORMAL: -0.19895488023757935, -0.10646025091409683, 0.9742090106010437
vb0[5]+024 TANGENT: -0.4484279155731201, -0.5886176824569702, 0.6726378202438354, -1.0
vb0[5]+040 BLENDWEIGHTS: 1.0, 0.0, 0.0, 0.0
vb0[5]+056 BLENDINDICES: 0, 0, 0, 0
vb0[5]+072 COLOR: 1.0, 0.5019607843137255, 0.5019607843137255, 0.0
vb0[5]+076 TEXCOORD: 0.4540177583694458, 0.6518308520317078

vb0[6]+000 POSITION: -0.036171987652778625, 1.8293681144714355, 0.07810299098491669
vb0[6]+012 NORMAL: -0.21263235807418823, -0.09832152724266052, 0.9721730351448059
vb0[6]+024 TANGENT: -0.340781569480896, -0.6406577229499817, 0.6880592703819275, -1.0
vb0[6]+040 BLENDWEIGHTS: 1.0, 0.0, 0.0, 0.0
vb0[6]+056 BLENDINDICES: 0, 0, 0, 0
vb0[6]+072 COLOR: 1.0, 0.5019607843137255, 0.5019607843137255, 0.0
vb0[6]+076 TEXCOORD: 0.4473475217819214, 0.6492376923561096

vb0[7]+000 POSITION: -0.03448010981082916, 1.8289847373962402, 0.07844644039869308
vb0[7]+012 NORMAL: -0.22721554338932037, -0.09438271820545197, 0.9692599773406982
vb0[7]+024 TANGENT: -0.23729240894317627, -0.6699911952018738, 0.7034231424331665, -1.0
vb0[7]+040 BLENDWEIGHTS: 1.0, 0.0, 0.0, 0.0
vb0[7]+056 BLENDINDICES: 0, 0, 0, 0
vb0[7]+072 COLOR: 1.0, 0.5019607843137255, 0.5019607843137255, 0.0
vb0[7]+076 TEXCOORD: 0.44089770317077637, 0.6479785442352295

vb0[8]+000 POSITION: -0.03278660401701927, 1.8289302587509155, 0.07885461300611496
vb0[8]+012 NORMAL: -0.24672558903694153, -0.09388468414545059, 0.964526891708374
vb0[8]+024 TANGENT: -0.12849998474121094, -0.6857385635375977, 0.7164149284362793, -1.0
vb0[8]+040 BLENDWEIGHTS: 1.0, 0.0, 0.0, 0.0
vb0[8]+056 BLENDINDICES: 0, 0, 0, 0
vb0[8]+072 COLOR: 1.0, 0.5019607843137255, 0.5019607843137255, 0.0
vb0[8]+076 TEXCOORD: 0.4344816207885742, 0.6479793787002563

vb0[9]+000 POSITION: -0.03120047226548195, 1.8292286396026611, 0.07930883765220642
vb0[9]+012 NORMAL: -0.2659153342247009, -0.09762711077928543, 0.959040105342865
vb0[9]+024 TANGENT: -0.018512725830078125, -0.6766913533210754, 0.7360340356826782, -1.0
vb0[9]+040 BLENDWEIGHTS: 1.0, 0.0, 0.0, 0.0
vb0[9]+056 BLENDINDICES: 0, 0, 0, 0
vb0[9]+072 COLOR: 1.0, 0.5019607843137255, 0.5019607843137255, 0.0
vb0[9]+076 TEXCOORD: 0.42803525924682617, 0.6492359638214111

vb0[10]+000 POSITION: -0.02971077896654606, 1.829832673072815, 0.07979855686426163
vb0[10]+012 NORMAL: -0.27928426861763, -0.10374701768159866, 0.9545873403549194
vb0[10]+024 TANGENT: 0.09533096104860306, -0.6486694812774658, 0.7550760507583618, -1.0
vb0[10]+040 BLENDWEIGHTS: 1.0, 0.0, 0.0, 0.0
vb0[10]+056 BLENDINDICES: 0, 0, 0, 0
vb0[10]+072 COLOR: 1.0, 0.5019607843137255, 0.5019607843137255, 0.0
vb0[10]+076 TEXCOORD: 0.4217897653579712, 0.6517146825790405

vb0[11]+000 POSITION: -0.028309501707553864, 1.8307889699935913, 0.08032319694757462
vb0[11]+012 NORMAL: -0.28811946511268616, -0.11108289659023285, 0.9511297941207886
vb0[11]+024 TANGENT: 0.2131396383047104, -0.5938732624053955, 0.775813102722168, -1.0
vb0[11]+040 BLENDWEIGHTS: 1.0, 0.0, 0.0, 0.0
vb0[11]+056 BLENDINDICES: 0, 0, 0, 0
vb0[11]+072 COLOR: 1.0, 0.5019607843137255, 0.5019607843137255, 0.0
vb0[11]+076 TEXCOORD: 0.41604506969451904, 0.6555719375610352

vb0[12]+000 POSITION: -0.027166225016117096, 1.8320040702819824, 0.0808214545249939
vb0[12]+012 NORMAL: -0.29544684290885925, -0.12128295749425888, 0.9476293921470642
vb0[12]+024 TANGENT: 0.32153645157814026, -0.5133381485939026, 0.7956746816635132, -1.0
vb0[12]+040 BLENDWEIGHTS: 1.0, 0.0, 0.0, 0.0
vb0[12]+056 BLENDINDICES: 0, 0, 0, 0
vb0[12]+072 COLOR: 1.0, 0.5019607843137255, 0.5019607843137255, 0.0
vb0[12]+076 TEXCOORD: 0.4099159240722656, 0.6616981029510498

vb0[13]+000 POSITION: -0.02630208246409893, 1.8334602117538452, 0.08128885924816132
vb0[13]+012 NORMAL: -0.3037567436695099, -0.1438378095626831, 0.9418293833732605
vb0[13]+024 TANGENT: 0.4365940988063812, -0.38602155447006226, 0.8126333951950073, -1.0
vb0[13]+040 BLENDWEIGHTS: 1.0, 0.0, 0.0, 0.0
vb0[13]+056 BLENDINDICES: 0, 0, 0, 0
vb0[13]+072 COLOR: 1.0, 0.5019607843137255, 0.5019607843137255, 0.0
vb0[13]+076 TEXCOORD: 0.4060760736465454, 0.6695330739021301

vb0[14]+000 POSITION: -0.04143649339675903, 1.8379524946212769, 0.07836338132619858
vb0[14]+012 NORMAL: -0.16722147166728973, -0.19575825333595276, 0.9662896990776062
vb0[14]+024 TANGENT: -0.7518094182014465, 0.0013087989063933492, 0.6593791842460632, -1.0
vb0[14]+040 BLENDWEIGHTS: 1.0, 0.0, 0.0, 0.0
vb0[14]+056 BLENDINDICES: 0, 0, 0, 0
vb0[14]+072 COLOR: 1.0, 0.5019607843137255, 0.5019607843137255, 0.0
vb0[14]+076 TEXCOORD: 0.47078490257263184, 0.6857503652572632

vb0[15]+000 POSITION: -0.040814630687236786, 1.8398566246032715, 0.07888493686914444
vb0[15]+012 NORMAL: -0.16617520153522491, -0.2011587917804718, 0.9653604626655579
vb0[15]+024 TANGENT: -0.7126730680465698, 0.1746446043252945, 0.6794087886810303, -1.0
vb0[15]+040 BLENDWEIGHTS: 1.0, 0.0, 0.0, 0.0
vb0[15]+056 BLENDINDICES: 0, 0, 0, 0
vb0[15]+072 COLOR: 1.0, 0.5019607843137255, 0.5019607843137255, 0.0
vb0[15]+076 TEXCOORD: 0.4683922529220581, 0.694116473197937

vb0[16]+000 POSITION: -0.03974248468875885, 1.841396689414978, 0.07937260717153549
vb0[16]+012 NORMAL: -0.16978846490383148, -0.20214129984378815, 0.9645261168479919
vb0[16]+024 TANGENT: -0.6295564770698547, 0.3274209797382355, 0.704595148563385, -1.0
vb0[16]+040 BLENDWEIGHTS: 1.0, 0.0, 0.0, 0.0
vb0[16]+056 BLENDINDICES: 0, 0, 0, 0
vb0[16]+072 COLOR: 1.0, 0.5019607843137255, 0.5019607843137255, 0.0
vb0[16]+076 TEXCOORD: 0.46383345127105713, 0.7014926671981812

vb0[17]+000 POSITION: -0.03824574500322342, 1.842673420906067, 0.07992856949567795
vb0[17]+012 NORMAL: -0.18442469835281372, -0.2158707082271576, 0.9588468670845032
vb0[17]+024 TANGENT: -0.5161199569702148, 0.44529664516448975, 0.7316632866859436, -1.0
vb0[17]+040 BLENDWEIGHTS: 1.0, 0.0, 0.0, 0.0
vb0[17]+056 BLENDINDICES: 0, 0, 0, 0
vb0[17]+072 COLOR: 1.0, 0.5019607843137255, 0.5019607843137255, 0.0
vb0[17]+076 TEXCOORD: 0.4574993848800659, 0.7074785828590393

vb0[18]+000 POSITION: -0.036451537162065506, 1.843523621559143, 0.08048521727323532
vb0[18]+012 NORMAL: -0.20046620070934296, -0.22404193878173828, 0.9537391662597656
vb0[18]+024 TANGENT: -0.3758869171142578, 0.5332624912261963, 0.75785231590271, -1.0
vb0[18]+040 BLENDWEIGHTS: 1.0, 0.0, 0.0, 0.0
vb0[18]+056 BLENDINDICES: 0, 0, 0, 0
vb0[18]+072 COLOR: 1.0, 0.5019607843137255, 0.5019607843137255, 0.0
vb0[18]+076 TEXCOORD: 0.45017993450164795, 0.7114785313606262

vb0[19]+000 POSITION: -0.03452281281352043, 1.8438981771469116, 0.08099930733442307
vb0[19]+012 NORMAL: -0.22927138209342957, -0.22863049805164337, 0.9461303949356079
vb0[19]+024 TANGENT: -0.23523594439029694, 0.5800973176956177, 0.7798404693603516, -1.0
vb0[19]+040 BLENDWEIGHTS: 1.0, 0.0, 0.0, 0.0
vb0[19]+056 BLENDINDICES: 0, 0, 0, 0
vb0[19]+072 COLOR: 1.0, 0.5019607843137255, 0.5019607843137255, 0.0
vb0[19]+076 TEXCOORD: 0.441991925239563, 0.7132775783538818

vb0[20]+000 POSITION: -0.03247431293129921, 1.8438149690628052, 0.08151908963918686
vb0[20]+012 NORMAL: -0.24088606238365173, -0.23137474060058594, 0.9425707459449768
vb0[20]+024 TANGENT: -0.08441197872161865, 0.5802112221717834, 0.8100800514221191, -1.0
vb0[20]+040 BLENDWEIGHTS: 1.0, 0.0, 0.0, 0.0
vb0[20]+056 BLENDINDICES: 0, 0, 0, 0
vb0[20]+072 COLOR: 1.0, 0.5019607843137255, 0.5019607843137255, 0.0
vb0[20]+076 TEXCOORD: 0.4333723783493042, 0.7133429050445557

vb0[21]+000 POSITION: -0.030512208119034767, 1.843329906463623, 0.0818859338760376
vb0[21]+012 NORMAL: -0.25816187262535095, -0.22127141058444977, 0.940420925617218
vb0[21]+024 TANGENT: 0.09040040522813797, 0.5681757926940918, 0.8179266452789307, -1.0
vb0[21]+040 BLENDWEIGHTS: 1.0, 0.0, 0.0, 0.0
vb0[21]+056 BLENDINDICES: 0, 0, 0, 0
vb0[21]+072 COLOR: 1.0, 0.5019607843137255, 0.5019607843137255, 0.0
vb0[21]+076 TEXCOORD: 0.425203800201416, 0.7114405035972595

vb0[22]+000 POSITION: -0.028812350705266, 1.8423839807510376, 0.08218210935592651
vb0[22]+012 NORMAL: -0.28393101692199707, -0.20760813355445862, 0.9360994100570679
vb0[22]+024 TANGENT: 0.24711726605892181, 0.48254215717315674, 0.8402893543243408, -1.0
vb0[22]+040 BLENDWEIGHTS: 1.0, 0.0, 0.0, 0.0
vb0[22]+056 BLENDINDICES: 0, 0, 0, 0
vb0[22]+072 COLOR: 1.0, 0.5019607843137255, 0.5019607843137255, 0.0
vb0[22]+076 TEXCOORD: 0.4178638458251953, 0.707484781742096

vb0[23]+000 POSITION: -0.027302026748657227, 1.8409287929534912, 0.0823264941573143
vb0[23]+012 NORMAL: -0.2914160490036011, -0.19935402274131775, 0.9355931878089905
vb0[23]+024 TANGENT: 0.40747541189193726, 0.33006593585014343, 0.8514811992645264, -1.0
vb0[23]+040 BLENDWEIGHTS: 1.0, 0.0, 0.0, 0.0
vb0[23]+056 BLENDINDICES: 0, 0, 0, 0
vb0[23]+072 COLOR: 1.0, 0.5019607843137255, 0.5019607843137255, 0.0
vb0[23]+076 TEXCOORD: 0.4115316867828369, 0.7014967203140259

vb0[24]+000 POSITION: -0.026361538097262383, 1.8391677141189575, 0.0822601467370987
vb0[24]+012 NORMAL: -0.30296534299850464, -0.1776067316532135, 0.9363054633140564
vb0[24]+024 TANGENT: 0.493999719619751, 0.14404581487178802, 0.8574467897415161, -1.0
vb0[24]+040 BLENDWEIGHTS: 1.0, 0.0, 0.0, 0.0
vb0[24]+056 BLENDINDICES: 0, 0, 0, 0
vb0[24]+072 COLOR: 1.0, 0.5019607843137255, 0.5019607843137255, 0.0
vb0[24]+076 TEXCOORD: 0.4070141315460205, 0.6941043138504028

vb0[25]+000 POSITION: -0.025858892127871513, 1.837187647819519, 0.08208630234003067
vb0[25]+012 NORMAL: -0.3094324469566345, -0.1652655154466629, 0.9364501237869263
vb0[25]+024 TANGENT: 0.517423689365387, -0.03764677420258522, 0.8549008965492249, -1.0
vb0[25]+040 BLENDWEIGHTS: 1.0, 0.0, 0.0, 0.0
vb0[25]+056 BLENDINDICES: 0, 0, 0, 0
vb0[25]+072 COLOR: 1.0, 0.5019607843137255, 0.5019607843137255, 0.0
vb0[25]+076 TEXCOORD: 0.4045755863189697, 0.6857516765594482

vb0[26]+000 POSITION: -0.025869695469737053, 1.8352917432785034, 0.08173786848783493
vb0[26]+012 NORMAL: -0.3081936240196228, -0.16412797570228577, 0.9370585083961487
vb0[26]+024 TANGENT: 0.4927382171154022, -0.2242347002029419, 0.8407899737358093, -1.0
vb0[26]+040 BLENDWEIGHTS: 1.0, 0.0, 0.0, 0.0
vb0[26]+056 BLENDINDICES: 0, 0, 0, 0
vb0[26]+072 COLOR: 1.0, 0.5019607843137255, 0.5019607843137255, 0.0
vb0[26]+076 TEXCOORD: 0.40436720848083496, 0.6780029535293579

vb0[27]+000 POSITION: -0.041124653071165085, 1.834238052368164, 0.07775674760341644
vb0[27]+012 NORMAL: -0.9347585439682007, -0.3294602334499359, 0.13297513127326965
vb0[27]+024 TANGENT: -0.6999386548995972, -0.3009606599807739, 0.6476947069168091, -1.0
vb0[27]+040 BLENDWEIGHTS: 1.0, 0.0, 0.0, 0.0
vb0[27]+056 BLENDINDICES: 0, 0, 0, 0
vb0[27]+072 COLOR: 1.0, 0.5019607843137255, 0.5019607843137255, 0.0
vb0[27]+076 TEXCOORD: 0.4690748453140259, 0.6700815558433533

vb0[28]+000 POSITION: -0.04165058210492134, 1.8361170291900635, 0.07706912606954575
vb0[28]+012 NORMAL: -0.9850812554359436, -0.11869029700756073, 0.12460975348949432
vb0[28]+024 TANGENT: -0.9857202172279358, -0.11326511204242706, 0.12460649758577347, -1.0
vb0[28]+040 BLENDWEIGHTS: 1.0, 0.0, 0.0, 0.0
vb0[28]+056 BLENDINDICES: 0, 0, 0, 0
vb0[28]+072 COLOR: 1.0, 0.5019607843137255, 0.5019607843137255, 0.0
vb0[28]+076 TEXCOORD: 0.47434210777282715, 0.6775879859924316

vb0[29]+000 POSITION: -0.04122873768210411, 1.8341519832611084, 0.07682033628225327
vb0[29]+012 NORMAL: -0.9274579882621765, -0.3488942086696625, 0.13451609015464783
vb0[29]+024 TANGENT: -0.9277182221412659, -0.3482264578342438, 0.13445211946964264, -1.0
vb0[29]+040 BLENDWEIGHTS: 1.0, 0.0, 0.0, 0.0
vb0[29]+056 BLENDINDICES: 0, 0, 0, 0
vb0[29]+072 COLOR: 1.0, 0.5019607843137255, 0.5019607843137255, 0.0
vb0[29]+076 TEXCOORD: 0.47226405143737793, 0.6688787341117859

vb0[30]+000 POSITION: -0.04153960570693016, 1.8361396789550781, 0.07800684124231339
vb0[30]+012 NORMAL: -0.988063395023346, -0.09066078066825867, 0.12454431504011154
vb0[30]+024 TANGENT: -0.74417644739151, -0.15692995488643646, 0.6492875218391418, -1.0
vb0[30]+040 BLENDWEIGHTS: 1.0, 0.0, 0.0, 0.0
vb0[30]+056 BLENDINDICES: 0, 0, 0, 0
vb0[30]+072 COLOR: 1.0, 0.5019607843137255, 0.5019607843137255, 0.0
vb0[30]+076 TEXCOORD: 0.4710044860839844, 0.678001880645752

vb0[31]+000 POSITION: -0.0415608212351799, 1.837921380996704, 0.0774184912443161
vb0[31]+012 NORMAL: -0.9828560948371887, 0.13908745348453522, 0.12103141844272614
vb0[31]+024 TANGENT: -0.9836890697479248, 0.13293959200382233, 0.12117351591587067, -1.0
vb0[31]+040 BLENDWEIGHTS: 1.0, 0.0, 0.0, 0.0
vb0[31]+056 BLENDINDICES: 0, 0, 0, 0
vb0[31]+072 COLOR: 1.0, 0.5019607843137255, 0.5019607843137255, 0.0
vb0[31]+076 TEXCOORD: 0.4741041660308838, 0.6859376430511475

vb0[32]+000 POSITION: -0.04143649339675903, 1.8379524946212769, 0.07836338132619858
vb0[32]+012 NORMAL: -0.9757541418075562, 0.18320655822753906, 0.11974668502807617
vb0[32]+024 TANGENT: -0.7518094182014465, 0.0013087989063933492, 0.6593791842460632, -1.0
vb0[32]+040 BLENDWEIGHTS: 1.0, 0.0, 0.0, 0.0
vb0[32]+056 BLENDINDICES: 0, 0, 0, 0
vb0[32]+072 COLOR: 1.0, 0.5019607843137255, 0.5019607843137255, 0.0
vb0[32]+076 TEXCOORD: 0.47078490257263184, 0.6857503652572632

vb0[33]+000 POSITION: -0.040243931114673615, 1.832467794418335, 0.07765126973390579
vb0[33]+012 NORMAL: -0.8329849243164062, -0.5326111912727356, 0.14987128973007202
vb0[33]+024 TANGENT: -0.6289125084877014, -0.4223027527332306, 0.6527859568595886, -1.0
vb0[33]+040 BLENDWEIGHTS: 1.0, 0.0, 0.0, 0.0
vb0[33]+056 BLENDINDICES: 0, 0, 0, 0
vb0[33]+072 COLOR: 1.0, 0.5019607843137255, 0.5019607843137255, 0.0
vb0[33]+076 TEXCOORD: 0.4652351140975952, 0.6622490882873535

vb0[34]+000 POSITION: -0.040328703820705414, 1.8323355913162231, 0.07671967893838882
vb0[34]+012 NORMAL: -0.8264855742454529, -0.542396605014801, 0.15075628459453583
vb0[34]+024 TANGENT: -0.8207389712333679, -0.5508534908294678, 0.15148554742336273, -1.0
vb0[34]+040 BLENDWEIGHTS: 1.0, 0.0, 0.0, 0.0
vb0[34]+056 BLENDINDICES: 0, 0, 0, 0
vb0[34]+072 COLOR: 1.0, 0.5019607843137255, 0.5019607843137255, 0.0
vb0[34]+076 TEXCOORD: 0.4680311679840088, 0.6601901054382324

vb0[35]+000 POSITION: -0.039170850068330765, 1.831208348274231, 0.07768993824720383
vb0[35]+012 NORMAL: -0.6845232248306274, -0.7097890377044678, 0.1662149578332901
vb0[35]+024 TANGENT: -0.5419785380363464, -0.5142222046852112, 0.6647065281867981, -1.0
vb0[35]+040 BLENDWEIGHTS: 1.0, 0.0, 0.0, 0.0
vb0[35]+056 BLENDINDICES: 0, 0, 0, 0
vb0[35]+072 COLOR: 1.0, 0.5019607843137255, 0.5019607843137255, 0.0
vb0[35]+076 TEXCOORD: 0.45986831188201904, 0.6559064388275146

vb0[36]+000 POSITION: -0.039224810898303986, 1.831043004989624, 0.07676542550325394
vb0[36]+012 NORMAL: -0.6824288368225098, -0.7117573022842407, 0.1664101928472519
vb0[36]+024 TANGENT: -0.6861498355865479, -0.7082593441009521, 0.16603350639343262, -1.0
vb0[36]+040 BLENDWEIGHTS: 1.0, 0.0, 0.0, 0.0
vb0[36]+056 BLENDINDICES: 0, 0, 0, 0
vb0[36]+072 COLOR: 1.0, 0.5019607843137255, 0.5019607843137255, 0.0
vb0[36]+076 TEXCOORD: 0.4620943069458008, 0.6531345844268799

vb0[37]+000 POSITION: -0.03772738203406334, 1.8298896551132202, 0.07693707942962646
vb0[37]+012 NORMAL: -0.5339394807815552, -0.8261399269104004, 0.18000434339046478
vb0[37]+024 TANGENT: -0.5297702550888062, -0.8287426829338074, 0.1803581714630127, -1.0
vb0[37]+040 BLENDWEIGHTS: 1.0, 0.0, 0.0, 0.0
vb0[37]+056 BLENDINDICES: 0, 0, 0, 0
vb0[37]+072 COLOR: 1.0, 0.5019607843137255, 0.5019607843137255, 0.0
vb0[37]+076 TEXCOORD: 0.4556610584259033, 0.6486550569534302

vb0[38]+000 POSITION: -0.03770989552140236, 1.8300771713256836, 0.07784939557313919
vb0[38]+012 NORMAL: -0.5304616093635559, -0.8283106684684753, 0.1803104430437088
vb0[38]+024 TANGENT: -0.4484279155731201, -0.5886176824569702, 0.6726378202438354, -1.0
vb0[38]+040 BLENDWEIGHTS: 1.0, 0.0, 0.0, 0.0
vb0[38]+056 BLENDINDICES: 0, 0, 0, 0
vb0[38]+072 COLOR: 1.0, 0.5019607843137255, 0.5019607843137255, 0.0
vb0[38]+076 TEXCOORD: 0.4540177583694458, 0.6518308520317078

vb0[39]+000 POSITION: -0.03614980727434158, 1.8291689157485962, 0.07720901072025299
vb0[39]+012 NORMAL: -0.3514597713947296, -0.915524423122406, 0.19568082690238953
vb0[39]+024 TANGENT: -0.3518357574939728, -0.915395975112915, 0.19560636579990387, -1.0
vb0[39]+040 BLENDWEIGHTS: 1.0, 0.0, 0.0, 0.0
vb0[39]+056 BLENDINDICES: 0, 0, 0, 0
vb0[39]+072 COLOR: 1.0, 0.5019607843137255, 0.5019607843137255, 0.0
vb0[39]+076 TEXCOORD: 0.448345422744751, 0.6458061337471008

vb0[40]+000 POSITION: -0.036171987652778625, 1.8293681144714355, 0.07810299098491669
vb0[40]+012 NORMAL: -0.34215378761291504, -0.9188693165779114, 0.19649435579776764
vb0[40]+024 TANGENT: -0.340781569480896, -0.6406577229499817, 0.6880592703819275, -1.0
vb0[40]+040 BLENDWEIGHTS: 1.0, 0.0, 0.0, 0.0
vb0[40]+056 BLENDINDICES: 0, 0, 0, 0
vb0[40]+072 COLOR: 1.0, 0.5019607843137255, 0.5019607843137255, 0.0
vb0[40]+076 TEXCOORD: 0.4473475217819214, 0.6492376923561096

vb0[41]+000 POSITION: -0.03442152589559555, 1.8287830352783203, 0.07757527381181717
vb0[41]+012 NORMAL: -0.17830254137516022, -0.9612439870834351, 0.21028126776218414
vb0[41]+024 TANGENT: -0.17647410929203033, -0.9615581035614014, 0.210387721657753, -1.0
vb0[41]+040 BLENDWEIGHTS: 1.0, 0.0, 0.0, 0.0
vb0[41]+056 BLENDINDICES: 0, 0, 0, 0
vb0[41]+072 COLOR: 1.0, 0.5019607843137255, 0.5019607843137255, 0.0
vb0[41]+076 TEXCOORD: 0.441228985786438, 0.6444107294082642

vb0[42]+000 POSITION: -0.03448010981082916, 1.8289847373962402, 0.07844644039869308
vb0[42]+012 NORMAL: -0.16485483944416046, -0.9633955955505371, 0.21140451729297638
vb0[42]+024 TANGENT: -0.23729240894317627, -0.6699911952018738, 0.7034231424331665, -1.0
vb0[42]+040 BLENDWEIGHTS: 1.0, 0.0, 0.0, 0.0
vb0[42]+056 BLENDINDICES: 0, 0, 0, 0
vb0[42]+072 COLOR: 1.0, 0.5019607843137255, 0.5019607843137255, 0.0
vb0[42]+076 TEXCOORD: 0.44089770317077637, 0.6479785442352295

vb0[43]+000 POSITION: -0.032693009823560715, 1.8287348747253418, 0.0780073031783104
vb0[43]+012 NORMAL: 0.002530537312850356, -0.9742857217788696, 0.2253016233444214
vb0[43]+024 TANGENT: 0.005889892578125, -0.9742208123207092, 0.22551953792572021, -1.0
vb0[43]+040 BLENDWEIGHTS: 1.0, 0.0, 0.0, 0.0
vb0[43]+056 BLENDINDICES: 0, 0, 0, 0
vb0[43]+072 COLOR: 1.0, 0.5019607843137255, 0.5019607843137255, 0.0
vb0[43]+076 TEXCOORD: 0.4341437816619873, 0.6444099545478821

vb0[44]+000 POSITION: -0.03278660401701927, 1.8289302587509155, 0.07885461300611496
vb0[44]+012 NORMAL: 0.023266829550266266, -0.973620593547821, 0.22698359191417694
vb0[44]+024 TANGENT: -0.12849998474121094, -0.6857385635375977, 0.7164149284362793, -1.0
vb0[44]+040 BLENDWEIGHTS: 1.0, 0.0, 0.0, 0.0
vb0[44]+056 BLENDINDICES: 0, 0, 0, 0
vb0[44]+072 COLOR: 1.0, 0.5019607843137255, 0.5019607843137255, 0.0
vb0[44]+076 TEXCOORD: 0.4344816207885742, 0.6479793787002563

vb0[45]+000 POSITION: -0.031072944402694702, 1.8290462493896484, 0.07848220318555832
vb0[45]+012 NORMAL: 0.1935751885175705, -0.9512715935707092, 0.2400226593017578
vb0[45]+024 TANGENT: 0.19462525844573975, -0.9510553479194641, 0.24003051221370697, -1.0
vb0[45]+040 BLENDWEIGHTS: 1.0, 0.0, 0.0, 0.0
vb0[45]+056 BLENDINDICES: 0, 0, 0, 0
vb0[45]+072 COLOR: 1.0, 0.5019607843137255, 0.5019607843137255, 0.0
vb0[45]+076 TEXCOORD: 0.42702150344848633, 0.6458044052124023

vb0[46]+000 POSITION: -0.03120047226548195, 1.8292286396026611, 0.07930883765220642
vb0[46]+012 NORMAL: 0.2159368246793747, -0.9460201859474182, 0.24169597029685974
vb0[46]+024 TANGENT: -0.018512725830078125, -0.6766913533210754, 0.7360340356826782, -1.0
vb0[46]+040 BLENDWEIGHTS: 1.0, 0.0, 0.0, 0.0
vb0[46]+056 BLENDINDICES: 0, 0, 0, 0
vb0[46]+072 COLOR: 1.0, 0.5019607843137255, 0.5019607843137255, 0.0
vb0[46]+076 TEXCOORD: 0.42803525924682617, 0.6492359638214111

vb0[47]+000 POSITION: -0.029561439529061317, 1.8296645879745483, 0.07898303121328354
vb0[47]+012 NORMAL: 0.37578168511390686, -0.8914644122123718, 0.25313884019851685
vb0[47]+024 TANGENT: 0.3742235004901886, -0.8921545147895813, 0.2530157268047333, -1.0
vb0[47]+040 BLENDWEIGHTS: 1.0, 0.0, 0.0, 0.0
vb0[47]+056 BLENDINDICES: 0, 0, 0, 0
vb0[47]+072 COLOR: 1.0, 0.5019607843137255, 0.5019607843137255, 0.0
vb0[47]+076 TEXCOORD: 0.4201483726501465, 0.648543119430542

vb0[48]+000 POSITION: -0.02971077896654606, 1.829832673072815, 0.07979855686426163
vb0[48]+012 NORMAL: 0.4024403691291809, -0.8792426586151123, 0.2549000382423401
vb0[48]+024 TANGENT: 0.09533096104860306, -0.6486694812774658, 0.7550760507583618, -1.0
vb0[48]+040 BLENDWEIGHTS: 1.0, 0.0, 0.0, 0.0
vb0[48]+056 BLENDINDICES: 0, 0, 0, 0
vb0[48]+072 COLOR: 1.0, 0.5019607843137255, 0.5019607843137255, 0.0
vb0[48]+076 TEXCOORD: 0.4217897653579712, 0.6517146825790405

vb0[49]+000 POSITION: -0.028141256421804428, 1.8306399583816528, 0.07952264696359634
vb0[49]+012 NORMAL: 0.5504189729690552, -0.7929309606552124, 0.26134130358695984
vb0[49]+024 TANGENT: 0.5523818135261536, -0.79155433177948, 0.2613731622695923, -1.0
vb0[49]+040 BLENDWEIGHTS: 1.0, 0.0, 0.0, 0.0
vb0[49]+056 BLENDINDICES: 0, 0, 0, 0
vb0[49]+072 COLOR: 1.0, 0.5019607843137255, 0.5019607843137255, 0.0
vb0[49]+076 TEXCOORD: 0.4138225317001343, 0.6528072357177734

vb0[50]+000 POSITION: -0.028309501707553864, 1.8307889699935913, 0.08032319694757462
vb0[50]+012 NORMAL: 0.5782701373100281, -0.7726905345916748, 0.26182615756988525
vb0[50]+024 TANGENT: 0.2131396383047104, -0.5938732624053955, 0.775813102722168, -1.0
vb0[50]+040 BLENDWEIGHTS: 1.0, 0.0, 0.0, 0.0
vb0[50]+056 BLENDINDICES: 0, 0, 0, 0
vb0[50]+072 COLOR: 1.0, 0.5019607843137255, 0.5019607843137255, 0.0
vb0[50]+076 TEXCOORD: 0.41604506969451904, 0.6555719375610352

vb0[51]+000 POSITION: -0.026982668787240982, 1.8318980932235718, 0.0800529196858406
vb0[51]+012 NORMAL: 0.7120785713195801, -0.6508587002754211, 0.26330047845840454
vb0[51]+024 TANGENT: 0.7131993770599365, -0.6496076583862305, 0.2633563280105591, -1.0
vb0[51]+040 BLENDWEIGHTS: 1.0, 0.0, 0.0, 0.0
vb0[51]+056 BLENDINDICES: 0, 0, 0, 0
vb0[51]+072 COLOR: 1.0, 0.5019607843137255, 0.5019607843137255, 0.0
vb0[51]+076 TEXCOORD: 0.40712273120880127, 0.6596481800079346

vb0[52]+000 POSITION: -0.027166225016117096, 1.8320040702819824, 0.0808214545249939
vb0[52]+012 NORMAL: 0.7342432141304016, -0.6257001757621765, 0.2634126842021942
vb0[52]+024 TANGENT: 0.32153645157814026, -0.5133381485939026, 0.7956746816635132, -1.0
vb0[52]+040 BLENDWEIGHTS: 1.0, 0.0, 0.0, 0.0
vb0[52]+056 BLENDINDICES: 0, 0, 0, 0
vb0[52]+072 COLOR: 1.0, 0.5019607843137255, 0.5019607843137255, 0.0
vb0[52]+076 TEXCOORD: 0.4099159240722656, 0.6616981029510498

vb0[53]+000 POSITION: -0.026109861209988594, 1.8333895206451416, 0.08055151998996735
vb0[53]+012 NORMAL: 0.8570824861526489, -0.44015777111053467, 0.2677140533924103
vb0[53]+024 TANGENT: 0.8552106022834778, -0.44386520981788635, 0.26757872104644775, -1.0
vb0[53]+040 BLENDWEIGHTS: 1.0, 0.0, 0.0, 0.0
vb0[53]+056 BLENDINDICES: 0, 0, 0, 0
vb0[53]+072 COLOR: 1.0, 0.5019607843137255, 0.5019607843137255, 0.0
vb0[53]+076 TEXCOORD: 0.4028893709182739, 0.6683350205421448

vb0[54]+000 POSITION: -0.02630208246409893, 1.8334602117538452, 0.08128885924816132
vb0[54]+012 NORMAL: 0.8768454790115356, -0.39875003695487976, 0.2685897946357727
vb0[54]+024 TANGENT: 0.4365940988063812, -0.38602155447006226, 0.8126333951950073, -1.0
vb0[54]+040 BLENDWEIGHTS: 1.0, 0.0, 0.0, 0.0
vb0[54]+056 BLENDINDICES: 0, 0, 0, 0
vb0[54]+072 COLOR: 1.0, 0.5019607843137255, 0.5019607843137255, 0.0
vb0[54]+076 TEXCOORD: 0.4060760736465454, 0.6695330739021301

vb0[55]+000 POSITION: -0.025674955919384956, 1.8352417945861816, 0.08101876825094223
vb0[55]+012 NORMAL: 0.9457499384880066, -0.18745431303977966, 0.26536357402801514
vb0[55]+024 TANGENT: 0.9460775852203369, -0.18593770265579224, 0.2652626037597656, -1.0
vb0[55]+040 BLENDWEIGHTS: 1.0, 0.0, 0.0, 0.0
vb0[55]+056 BLENDINDICES: 0, 0, 0, 0
vb0[55]+072 COLOR: 1.0, 0.5019607843137255, 0.5019607843137255, 0.0
vb0[55]+076 TEXCOORD: 0.4010249376296997, 0.677588701248169

vb0[56]+000 POSITION: -0.025869695469737053, 1.8352917432785034, 0.08173786848783493
vb0[56]+012 NORMAL: 0.9525977373123169, -0.1517413705587387, 0.26368945837020874
vb0[56]+024 TANGENT: 0.4927382171154022, -0.2242347002029419, 0.8407899737358093, -1.0
vb0[56]+040 BLENDWEIGHTS: 1.0, 0.0, 0.0, 0.0
vb0[56]+056 BLENDINDICES: 0, 0, 0, 0
vb0[56]+072 COLOR: 1.0, 0.5019607843137255, 0.5019607843137255, 0.0
vb0[56]+076 TEXCOORD: 0.40436720848083496, 0.6780029535293579

vb0[57]+000 POSITION: -0.025677574798464775, 1.8371425867080688, 0.0813751071691513
vb0[57]+012 NORMAL: 0.9664111137390137, 0.07082899659872055, 0.24704815447330475
vb0[57]+024 TANGENT: 0.9666163325309753, 0.06642735004425049, 0.2474677413702011, -1.0
vb0[57]+040 BLENDWEIGHTS: 1.0, 0.0, 0.0, 0.0
vb0[57]+056 BLENDINDICES: 0, 0, 0, 0
vb0[57]+072 COLOR: 1.0, 0.5019607843137255, 0.5019607843137255, 0.0
vb0[57]+076 TEXCOORD: 0.401273250579834, 0.6859465837478638

vb0[58]+000 POSITION: -0.025858892127871513, 1.837187647819519, 0.08208630234003067
vb0[58]+012 NORMAL: 0.9638243913650513, 0.10938682407140732, 0.24305753409862518
vb0[58]+024 TANGENT: 0.517423689365387, -0.03764677420258522, 0.8549008965492249, -1.0
vb0[58]+040 BLENDWEIGHTS: 1.0, 0.0, 0.0, 0.0
vb0[58]+056 BLENDINDICES: 0, 0, 0, 0
vb0[58]+072 COLOR: 1.0, 0.5019607843137255, 0.5019607843137255, 0.0
vb0[58]+076 TEXCOORD: 0.4045755863189697, 0.6857516765594482

vb0[59]+000 POSITION: -0.026199834421277046, 1.839192509651184, 0.08157344907522202
vb0[59]+012 NORMAL: 0.917371392250061, 0.3286043703556061, 0.22460846602916718
vb0[59]+024 TANGENT: 0.9163355827331543, 0.3316178023815155, 0.2244071662425995, -1.0
vb0[59]+040 BLENDWEIGHTS: 1.0, 0.0, 0.0, 0.0
vb0[59]+056 BLENDINDICES: 0, 0, 0, 0
vb0[59]+072 COLOR: 1.0, 0.5019607843137255, 0.5019607843137255, 0.0
vb0[59]+076 TEXCOORD: 0.4038865566253662, 0.6951054930686951

vb0[60]+000 POSITION: -0.026361538097262383, 1.8391677141189575, 0.0822601467370987
vb0[60]+012 NORMAL: 0.9114388823509216, 0.34538495540618896, 0.2235811948776245
vb0[60]+024 TANGENT: 0.493999719619751, 0.14404581487178802, 0.8574467897415161, -1.0
vb0[60]+040 BLENDWEIGHTS: 1.0, 0.0, 0.0, 0.0
vb0[60]+056 BLENDINDICES: 0, 0, 0, 0
vb0[60]+072 COLOR: 1.0, 0.5019607843137255, 0.5019607843137255, 0.0
vb0[60]+076 TEXCOORD: 0.4070141315460205, 0.6941043138504028

vb0[61]+000 POSITION: -0.02717885747551918, 1.8410046100616455, 0.08165384829044342
vb0[61]+012 NORMAL: 0.7760188579559326, 0.5962803363800049, 0.20553454756736755
vb0[61]+024 TANGENT: 0.7774801254272461, 0.5943046808242798, 0.2057342678308487, -1.0
vb0[61]+040 BLENDWEIGHTS: 1.0, 0.0, 0.0, 0.0
vb0[61]+056 BLENDINDICES: 0, 0, 0, 0
vb0[61]+072 COLOR: 1.0, 0.5019607843137255, 0.5019607843137255, 0.0
vb0[61]+076 TEXCOORD: 0.4089103937149048, 0.7033380270004272

vb0[62]+000 POSITION: -0.027302026748657227, 1.8409287929534912, 0.0823264941573143
vb0[62]+012 NORMAL: 0.7752742171287537, 0.5972797274589539, 0.20544299483299255
vb0[62]+024 TANGENT: 0.40747541189193726, 0.33006593585014343, 0.8514811992645264, -1.0
vb0[62]+040 BLENDWEIGHTS: 1.0, 0.0, 0.0, 0.0
vb0[62]+056 BLENDINDICES: 0, 0, 0, 0
vb0[62]+072 COLOR: 1.0, 0.5019607843137255, 0.5019607843137255, 0.0
vb0[62]+076 TEXCOORD: 0.4115316867828369, 0.7014967203140259

vb0[63]+000 POSITION: -0.028812350705266, 1.8423839807510376, 0.08218210935592651
vb0[63]+012 NORMAL: 0.5794874429702759, 0.7946375012397766, 0.18095730245113373
vb0[63]+024 TANGENT: 0.24711726605892181, 0.48254215717315674, 0.8402893543243408, -1.0
vb0[63]+040 BLENDWEIGHTS: 1.0, 0.0, 0.0, 0.0
vb0[63]+056 BLENDINDICES: 0, 0, 0, 0
vb0[63]+072 COLOR: 1.0, 0.5019607843137255, 0.5019607843137255, 0.0
vb0[63]+076 TEXCOORD: 0.4178638458251953, 0.707484781742096

vb0[64]+000 POSITION: -0.02875012718141079, 1.8424912691116333, 0.08151696622371674
vb0[64]+012 NORMAL: 0.5623975396156311, 0.8072851300239563, 0.17888472974300385
vb0[64]+024 TANGENT: 0.5571476817131042, 0.8110659122467041, 0.17820952832698822, -1.0
vb0[64]+040 BLENDWEIGHTS: 1.0, 0.0, 0.0, 0.0
vb0[64]+056 BLENDINDICES: 0, 0, 0, 0
vb0[64]+072 COLOR: 1.0, 0.5019607843137255, 0.5019607843137255, 0.0
vb0[64]+076 TEXCOORD: 0.415938138961792, 0.7099741697311401

vb0[65]+000 POSITION: -0.030512208119034767, 1.843329906463623, 0.0818859338760376
vb0[65]+012 NORMAL: 0.34994271397590637, 0.9218575954437256, 0.16648931801319122
vb0[65]+024 TANGENT: 0.09040040522813797, 0.5681757926940918, 0.8179266452789307, -1.0
vb0[65]+040 BLENDWEIGHTS: 1.0, 0.0, 0.0, 0.0
vb0[65]+056 BLENDINDICES: 0, 0, 0, 0
vb0[65]+072 COLOR: 1.0, 0.5019607843137255, 0.5019607843137255, 0.0
vb0[65]+076 TEXCOORD: 0.425203800201416, 0.7114405035972595

vb0[66]+000 POSITION: -0.03053528070449829, 1.8434500694274902, 0.08122909069061279
vb0[66]+012 NORMAL: 0.30859121680259705, 0.936461865901947, 0.16676492989063263
vb0[66]+024 TANGENT: 0.31087782979011536, 0.9357175827026367, 0.16669568419456482, -1.0
vb0[66]+040 BLENDWEIGHTS: 1.0, 0.0, 0.0, 0.0
vb0[66]+056 BLENDINDICES: 0, 0, 0, 0
vb0[66]+072 COLOR: 1.0, 0.5019607843137255, 0.5019607843137255, 0.0
vb0[66]+076 TEXCOORD: 0.4241635799407959, 0.7143105268478394

vb0[67]+000 POSITION: -0.03247431293129921, 1.8438149690628052, 0.08151908963918686
vb0[67]+012 NORMAL: 0.1153031513094902, 0.9794074296951294, 0.16572919487953186
vb0[67]+024 TANGENT: -0.08441197872161865, 0.5802112221717834, 0.8100800514221191, -1.0
vb0[67]+040 BLENDWEIGHTS: 1.0, 0.0, 0.0, 0.0
vb0[67]+056 BLENDINDICES: 0, 0, 0, 0
vb0[67]+072 COLOR: 1.0, 0.5019607843137255, 0.5019607843137255, 0.0
vb0[67]+076 TEXCOORD: 0.4333723783493042, 0.7133429050445557

vb0[68]+000 POSITION: -0.032471705228090286, 1.8439332246780396, 0.08081609755754471
vb0[68]+012 NORMAL: 0.08372309803962708, 0.9826876521110535, 0.1652734875679016
vb0[68]+024 TANGENT: 0.08648562431335449, 0.9824563264846802, 0.16522645950317383, -1.0
vb0[68]+040 BLENDWEIGHTS: 1.0, 0.0, 0.0, 0.0
vb0[68]+056 BLENDINDICES: 0, 0, 0, 0
vb0[68]+072 COLOR: 1.0, 0.5019607843137255, 0.5019607843137255, 0.0
vb0[68]+076 TEXCOORD: 0.4330863952636719, 0.7163472771644592

vb0[69]+000 POSITION: -0.03452281281352043, 1.8438981771469116, 0.08099930733442307
vb0[69]+012 NORMAL: -0.10088223963975906, 0.9821351766586304, 0.15884967148303986
vb0[69]+024 TANGENT: -0.23523594439029694, 0.5800973176956177, 0.7798404693603516, -1.0
vb0[69]+040 BLENDWEIGHTS: 1.0, 0.0, 0.0, 0.0
vb0[69]+056 BLENDINDICES: 0, 0, 0, 0
vb0[69]+072 COLOR: 1.0, 0.5019607843137255, 0.5019607843137255, 0.0
vb0[69]+076 TEXCOORD: 0.441991925239563, 0.7132775783538818

vb0[70]+000 POSITION: -0.034502990543842316, 1.8440099954605103, 0.08030947297811508
vb0[70]+012 NORMAL: -0.1313306987285614, 0.9787983298301697, 0.15718171000480652
vb0[70]+024 TANGENT: -0.13074660301208496, 0.9789031744003296, 0.15701556205749512, -1.0
vb0[70]+040 BLENDWEIGHTS: 1.0, 0.0, 0.0, 0.0
vb0[70]+056 BLENDINDICES: 0, 0, 0, 0
vb0[70]+072 COLOR: 1.0, 0.5019607843137255, 0.5019607843137255, 0.0
vb0[70]+076 TEXCOORD: 0.442293643951416, 0.7163710594177246

vb0[71]+000 POSITION: -0.036451537162065506, 1.843523621559143, 0.08048521727323532
vb0[71]+012 NORMAL: -0.3313491642475128, 0.9313836097717285, 0.15077243745326996
vb0[71]+024 TANGENT: -0.3758869171142578, 0.5332624912261963, 0.75785231590271, -1.0
vb0[71]+040 BLENDWEIGHTS: 1.0, 0.0, 0.0, 0.0
vb0[71]+056 BLENDINDICES: 0, 0, 0, 0
vb0[71]+072 COLOR: 1.0, 0.5019607843137255, 0.5019607843137255, 0.0
vb0[71]+076 TEXCOORD: 0.45017993450164795, 0.7114785313606262

vb0[72]+000 POSITION: -0.03649890050292015, 1.8436309099197388, 0.07973497360944748
vb0[72]+012 NORMAL: -0.3746870160102844, 0.9149117469787598, 0.15015371143817902
vb0[72]+024 TANGENT: -0.3700387179851532, 0.9167850613594055, 0.15025447309017181, -1.0
vb0[72]+040 BLENDWEIGHTS: 1.0, 0.0, 0.0, 0.0
vb0[72]+056 BLENDINDICES: 0, 0, 0, 0
vb0[72]+072 COLOR: 1.0, 0.5019607843137255, 0.5019607843137255, 0.0
vb0[72]+076 TEXCOORD: 0.4512045383453369, 0.7142935991287231

vb0[73]+000 POSITION: -0.03824574500322342, 1.842673420906067, 0.07992856949567795
vb0[73]+012 NORMAL: -0.5564367175102234, 0.8182286620140076, 0.14449922740459442
vb0[73]+024 TANGENT: -0.5161199569702148, 0.44529664516448975, 0.7316632866859436, -1.0
vb0[73]+040 BLENDWEIGHTS: 1.0, 0.0, 0.0, 0.0
vb0[73]+056 BLENDINDICES: 0, 0, 0, 0
vb0[73]+072 COLOR: 1.0, 0.5019607843137255, 0.5019607843137255, 0.0
vb0[73]+076 TEXCOORD: 0.4574993848800659, 0.7074785828590393

vb0[74]+000 POSITION: -0.03834488242864609, 1.8427543640136719, 0.07910842448472977
vb0[74]+012 NORMAL: -0.6015441417694092, 0.7860895991325378, 0.1421540528535843
vb0[74]+024 TANGENT: -0.5982093811035156, 0.7885866165161133, 0.14239680767059326, -1.0
vb0[74]+040 BLENDWEIGHTS: 1.0, 0.0, 0.0, 0.0
vb0[74]+056 BLENDINDICES: 0, 0, 0, 0
vb0[74]+072 COLOR: 1.0, 0.5019607843137255, 0.5019607843137255, 0.0
vb0[74]+076 TEXCOORD: 0.45945119857788086, 0.7099613547325134

vb0[75]+000 POSITION: -0.03974248468875885, 1.841396689414978, 0.07937260717153549
vb0[75]+012 NORMAL: -0.7475618720054626, 0.6516702771186829, 0.12836314737796783
vb0[75]+024 TANGENT: -0.6295564770698547, 0.3274209797382355, 0.704595148563385, -1.0
vb0[75]+040 BLENDWEIGHTS: 1.0, 0.0, 0.0, 0.0
vb0[75]+056 BLENDINDICES: 0, 0, 0, 0
vb0[75]+072 COLOR: 1.0, 0.5019607843137255, 0.5019607843137255, 0.0
vb0[75]+076 TEXCOORD: 0.46383345127105713, 0.7014926671981812

vb0[76]+000 POSITION: -0.03987150266766548, 1.8414266109466553, 0.07848117500543594
vb0[76]+012 NORMAL: -0.7833493947982788, 0.6092758774757385, 0.12307174503803253
vb0[76]+024 TANGENT: -0.7823056578636169, 0.6105949282646179, 0.12317384034395218, -1.0
vb0[76]+040 BLENDWEIGHTS: 1.0, 0.0, 0.0, 0.0
vb0[76]+056 BLENDINDICES: 0, 0, 0, 0
vb0[76]+072 COLOR: 1.0, 0.5019607843137255, 0.5019607843137255, 0.0
vb0[76]+076 TEXCOORD: 0.4664735794067383, 0.7033222913742065

vb0[77]+000 POSITION: -0.040814630687236786, 1.8398566246032715, 0.07888493686914444
vb0[77]+012 NORMAL: -0.8937003016471863, 0.4335579574108124, 0.1154436469078064
vb0[77]+024 TANGENT: -0.7126730680465698, 0.1746446043252945, 0.6794087886810303, -1.0
vb0[77]+040 BLENDWEIGHTS: 1.0, 0.0, 0.0, 0.0
vb0[77]+056 BLENDINDICES: 0, 0, 0, 0
vb0[77]+072 COLOR: 1.0, 0.5019607843137255, 0.5019607843137255, 0.0
vb0[77]+076 TEXCOORD: 0.4683922529220581, 0.694116473197937

vb0[78]+000 POSITION: -0.04094477742910385, 1.8398139476776123, 0.07791724056005478
vb0[78]+012 NORMAL: -0.9195868968963623, 0.37535539269447327, 0.11605258285999298
vb0[78]+024 TANGENT: -0.917646050453186, 0.3800988495349884, 0.11597681045532227, -1.0
vb0[78]+040 BLENDWEIGHTS: 1.0, 0.0, 0.0, 0.0
vb0[78]+056 BLENDINDICES: 0, 0, 0, 0
vb0[78]+072 COLOR: 1.0, 0.5019607843137255, 0.5019607843137255, 0.0
vb0[78]+076 TEXCOORD: 0.47146904468536377, 0.6950917840003967

vb0[79]+000 POSITION: 0.041124653071165085, 1.834238052368164, 0.07775674760341644
vb0[79]+012 NORMAL: 0.1676081418991089, -0.15401345491409302, 0.9737491011619568
vb0[79]+024 TANGENT: 0.6999467611312866, -0.30096471309661865, 0.6476840972900391, -1.0
vb0[79]+040 BLENDWEIGHTS: 1.0, 0.0, 0.0, 0.0
vb0[79]+056 BLENDINDICES: 1, 0, 0, 0
vb0[79]+072 COLOR: 1.0, 0.5019607843137255, 0.5019607843137255, 0.0
vb0[79]+076 TEXCOORD: 0.4060760736465454, 0.6695330739021301

vb0[80]+000 POSITION: 0.04153960570693016, 1.8361396789550781, 0.07800684124231339
vb0[80]+012 NORMAL: 0.16460265219211578, -0.17272140085697174, 0.9711196422576904
vb0[80]+024 TANGENT: 0.7441786527633667, -0.15692830085754395, 0.6492855548858643, -1.0
vb0[80]+040 BLENDWEIGHTS: 1.0, 0.0, 0.0, 0.0
vb0[80]+056 BLENDINDICES: 1, 0, 0, 0
vb0[80]+072 COLOR: 1.0, 0.5019607843137255, 0.5019607843137255, 0.0
vb0[80]+076 TEXCOORD: 0.40436720848083496, 0.6780029535293579

vb0[81]+000 POSITION: 0.0335434190928936, 1.8361456394195557, 0.07936333119869232
vb0[81]+012 NORMAL: 0.23546439409255981, -0.16768434643745422, 0.9573079347610474
vb0[81]+024 TANGENT: 0.23572735488414764, -0.1626666635274887, 0.9581086039543152, -1.0
vb0[81]+040 BLENDWEIGHTS: 1.0, 0.0, 0.0, 0.0
vb0[81]+056 BLENDINDICES: 1, 0, 0, 0
vb0[81]+072 COLOR: 1.0, 0.5019607843137255, 0.5019607843137255, 0.0
vb0[81]+076 TEXCOORD: 0.4376884698867798, 0.680337131023407

vb0[82]+000 POSITION: 0.040243931114673615, 1.832467794418335, 0.07765127718448639
vb0[82]+012 NORMAL: 0.17506881058216095, -0.13506320118904114, 0.9752480983734131
vb0[82]+024 TANGENT: 0.62891685962677, -0.42230546474456787, 0.6527799367904663, -1.0
vb0[82]+040 BLENDWEIGHTS: 1.0, 0.0, 0.0, 0.0
vb0[82]+056 BLENDINDICES: 1, 0, 0, 0
vb0[82]+072 COLOR: 1.0, 0.5019607843137255, 0.5019607843137255, 0.0
vb0[82]+076 TEXCOORD: 0.4099159240722656, 0.6616981029510498

vb0[83]+000 POSITION: 0.039170850068330765, 1.831208348274231, 0.07768993824720383
vb0[83]+012 NORMAL: 0.18663305044174194, -0.11784742772579193, 0.9753358364105225
vb0[83]+024 TANGENT: 0.5419831871986389, -0.5142278671264648, 0.6646983623504639, -1.0
vb0[83]+040 BLENDWEIGHTS: 1.0, 0.0, 0.0, 0.0
vb0[83]+056 BLENDINDICES: 1, 0, 0, 0
vb0[83]+072 COLOR: 1.0, 0.5019607843137255, 0.5019607843137255, 0.0
vb0[83]+076 TEXCOORD: 0.41604506969451904, 0.6555719375610352

vb0[84]+000 POSITION: 0.03770989552140236, 1.8300771713256836, 0.07784939557313919
vb0[84]+012 NORMAL: 0.19895142316818237, -0.10645859688520432, 0.9742098450660706
vb0[84]+024 TANGENT: 0.44842657446861267, -0.5886179208755493, 0.6726385354995728, -1.0
vb0[84]+040 BLENDWEIGHTS: 1.0, 0.0, 0.0, 0.0
vb0[84]+056 BLENDINDICES: 1, 0, 0, 0
vb0[84]+072 COLOR: 1.0, 0.5019607843137255, 0.5019607843137255, 0.0
vb0[84]+076 TEXCOORD: 0.4217897653579712, 0.6517146825790405

vb0[85]+000 POSITION: 0.036171987652778625, 1.8293681144714355, 0.07810299098491669
vb0[85]+012 NORMAL: 0.21263349056243896, -0.0983215942978859, 0.9721726775169373
vb0[85]+024 TANGENT: 0.3407841622829437, -0.640672504901886, 0.6880443692207336, -1.0
vb0[85]+040 BLENDWEIGHTS: 1.0, 0.0, 0.0, 0.0
vb0[85]+056 BLENDINDICES: 1, 0, 0, 0
vb0[85]+072 COLOR: 1.0, 0.5019607843137255, 0.5019607843137255, 0.0
vb0[85]+076 TEXCOORD: 0.42803525924682617, 0.6492359638214111

vb0[86]+000 POSITION: 0.03448010981082916, 1.8289847373962402, 0.07844644039869308
vb0[86]+012 NORMAL: 0.22721542418003082, -0.09438281506299973, 0.9692599773406982
vb0[86]+024 TANGENT: 0.2373049259185791, -0.6700411438941956, 0.7033712863922119, -1.0
vb0[86]+040 BLENDWEIGHTS: 1.0, 0.0, 0.0, 0.0
vb0[86]+056 BLENDINDICES: 1, 0, 0, 0
vb0[86]+072 COLOR: 1.0, 0.5019607843137255, 0.5019607843137255, 0.0
vb0[86]+076 TEXCOORD: 0.4344816207885742, 0.6479793787002563

vb0[87]+000 POSITION: 0.03278660401701927, 1.8289302587509155, 0.07885461300611496
vb0[87]+012 NORMAL: 0.24672569334506989, -0.09388474375009537, 0.964526891708374
vb0[87]+024 TANGENT: 0.1285024732351303, -0.6857608556747437, 0.7163931727409363, -1.0
vb0[87]+040 BLENDWEIGHTS: 1.0, 0.0, 0.0, 0.0
vb0[87]+056 BLENDINDICES: 1, 0, 0, 0
vb0[87]+072 COLOR: 1.0, 0.5019607843137255, 0.5019607843137255, 0.0
vb0[87]+076 TEXCOORD: 0.44089770317077637, 0.6479785442352295

vb0[88]+000 POSITION: 0.03120047226548195, 1.8292286396026611, 0.07930883765220642
vb0[88]+012 NORMAL: 0.26591336727142334, -0.09762568771839142, 0.9590408205986023
vb0[88]+024 TANGENT: 0.01851731538772583, -0.6766809821128845, 0.7360434532165527, -1.0
vb0[88]+040 BLENDWEIGHTS: 1.0, 0.0, 0.0, 0.0
vb0[88]+056 BLENDINDICES: 1, 0, 0, 0
vb0[88]+072 COLOR: 1.0, 0.5019607843137255, 0.5019607843137255, 0.0
vb0[88]+076 TEXCOORD: 0.4473475217819214, 0.6492376923561096

vb0[89]+000 POSITION: 0.02971077896654606, 1.829832673072815, 0.07979855686426163
vb0[89]+012 NORMAL: 0.27928033471107483, -0.10374576598405838, 0.9545885324478149
vb0[89]+024 TANGENT: -0.09533131867647171, -0.6486755013465881, 0.7550709247589111, -1.0
vb0[89]+040 BLENDWEIGHTS: 1.0, 0.0, 0.0, 0.0
vb0[89]+056 BLENDINDICES: 1, 0, 0, 0
vb0[89]+072 COLOR: 1.0, 0.5019607843137255, 0.5019607843137255, 0.0
vb0[89]+076 TEXCOORD: 0.4540177583694458, 0.6518308520317078

vb0[90]+000 POSITION: 0.028309501707553864, 1.8307889699935913, 0.08032319694757462
vb0[90]+012 NORMAL: 0.28810998797416687, -0.11107973754405975, 0.9511330127716064
vb0[90]+024 TANGENT: -0.21313931047916412, -0.5938741564750671, 0.7758125066757202, -1.0
vb0[90]+040 BLENDWEIGHTS: 1.0, 0.0, 0.0, 0.0
vb0[90]+056 BLENDINDICES: 1, 0, 0, 0
vb0[90]+072 COLOR: 1.0, 0.5019607843137255, 0.5019607843137255, 0.0
vb0[90]+076 TEXCOORD: 0.45986831188201904, 0.6559064388275146

vb0[91]+000 POSITION: 0.027166225016117096, 1.8320040702819824, 0.0808214545249939
vb0[91]+012 NORMAL: 0.29544439911842346, -0.12128183990716934, 0.9476304054260254
vb0[91]+024 TANGENT: -0.32152819633483887, -0.5133311748504639, 0.7956825494766235, -1.0
vb0[91]+040 BLENDWEIGHTS: 1.0, 0.0, 0.0, 0.0
vb0[91]+056 BLENDINDICES: 1, 0, 0, 0
vb0[91]+072 COLOR: 1.0, 0.5019607843137255, 0.5019607843137255, 0.0
vb0[91]+076 TEXCOORD: 0.4652351140975952, 0.6622490882873535

vb0[92]+000 POSITION: 0.02630208246409893, 1.8334602117538452, 0.08128885924816132
vb0[92]+012 NORMAL: 0.30377355217933655, -0.14384567737579346, 0.9418227672576904
vb0[92]+024 TANGENT: -0.43660175800323486, -0.38602057099342346, 0.8126296997070312, -1.0
vb0[92]+040 BLENDWEIGHTS: 1.0, 0.0, 0.0, 0.0
vb0[92]+056 BLENDINDICES: 1, 0, 0, 0
vb0[92]+072 COLOR: 1.0, 0.5019607843137255, 0.5019607843137255, 0.0
vb0[92]+076 TEXCOORD: 0.4690748453140259, 0.6700815558433533

vb0[93]+000 POSITION: 0.04143649339675903, 1.8379524946212769, 0.07836338132619858
vb0[93]+012 NORMAL: 0.1672246754169464, -0.19576126337051392, 0.9662885665893555
vb0[93]+024 TANGENT: 0.7518205046653748, 0.0013165472773835063, 0.6593664884567261, -1.0
vb0[93]+040 BLENDWEIGHTS: 1.0, 0.0, 0.0, 0.0
vb0[93]+056 BLENDINDICES: 1, 0, 0, 0
vb0[93]+072 COLOR: 1.0, 0.5019607843137255, 0.5019607843137255, 0.0
vb0[93]+076 TEXCOORD: 0.4045755863189697, 0.6857516765594482

vb0[94]+000 POSITION: 0.040814630687236786, 1.8398566246032715, 0.07888493686914444
vb0[94]+012 NORMAL: 0.16618287563323975, -0.20116478204727173, 0.9653578996658325
vb0[94]+024 TANGENT: 0.7126849293708801, 0.174643874168396, 0.6793965101242065, -1.0
vb0[94]+040 BLENDWEIGHTS: 1.0, 0.0, 0.0, 0.0
vb0[94]+056 BLENDINDICES: 1, 0, 0, 0
vb0[94]+072 COLOR: 1.0, 0.5019607843137255, 0.5019607843137255, 0.0
vb0[94]+076 TEXCOORD: 0.4070141315460205, 0.6941043138504028

vb0[95]+000 POSITION: 0.03974248468875885, 1.841396689414978, 0.07937261462211609
vb0[95]+012 NORMAL: 0.16978909075260162, -0.20214475691318512, 0.9645253419876099
vb0[95]+024 TANGENT: 0.6295503973960876, 0.3274117410182953, 0.7046046853065491, -1.0
vb0[95]+040 BLENDWEIGHTS: 1.0, 0.0, 0.0, 0.0
vb0[95]+056 BLENDINDICES: 1, 0, 0, 0
vb0[95]+072 COLOR: 1.0, 0.5019607843137255, 0.5019607843137255, 0.0
vb0[95]+076 TEXCOORD: 0.4115316867828369, 0.7014967203140259

vb0[96]+000 POSITION: 0.03824574500322342, 1.842673420906067, 0.07992856949567795
vb0[96]+012 NORMAL: 0.18442070484161377, -0.21587258577346802, 0.9588472843170166
vb0[96]+024 TANGENT: 0.5161187648773193, 0.44530174136161804, 0.7316609025001526, -1.0
vb0[96]+040 BLENDWEIGHTS: 1.0, 0.0, 0.0, 0.0
vb0[96]+056 BLENDINDICES: 1, 0, 0, 0
vb0[96]+072 COLOR: 1.0, 0.5019607843137255, 0.5019607843137255, 0.0
vb0[96]+076 TEXCOORD: 0.4178638458251953, 0.707484781742096

vb0[97]+000 POSITION: 0.036451537162065506, 1.843523621559143, 0.08048521727323532
vb0[97]+012 NORMAL: 0.20046170055866241, -0.22403733432292938, 0.953741192817688
vb0[97]+024 TANGENT: 0.3758874535560608, 0.5332704782485962, 0.757846474647522, -1.0
vb0[97]+040 BLENDWEIGHTS: 1.0, 0.0, 0.0, 0.0
vb0[97]+056 BLENDINDICES: 1, 0, 0, 0
vb0[97]+072 COLOR: 1.0, 0.5019607843137255, 0.5019607843137255, 0.0
vb0[97]+076 TEXCOORD: 0.425203800201416, 0.7114405035972595

vb0[98]+000 POSITION: 0.03452281281352043, 1.8438981771469116, 0.08099930733442307
vb0[98]+012 NORMAL: 0.22927241027355194, -0.22863051295280457, 0.9461302161216736
vb0[98]+024 TANGENT: 0.23523257672786713, 0.5800983309745789, 0.7798406481742859, -1.0
vb0[98]+040 BLENDWEIGHTS: 1.0, 0.0, 0.0, 0.0
vb0[98]+056 BLENDINDICES: 1, 0, 0, 0
vb0[98]+072 COLOR: 1.0, 0.5019607843137255, 0.5019607843137255, 0.0
vb0[98]+076 TEXCOORD: 0.4333723783493042, 0.7133429050445557

vb0[99]+000 POSITION: 0.03247431293129921, 1.8438149690628052, 0.08151908963918686
vb0[99]+012 NORMAL: 0.24088749289512634, -0.23137681186199188, 0.9425698518753052
vb0[99]+024 TANGENT: 0.08440917730331421, 0.5801784992218018, 0.810103714466095, -1.0
vb0[99]+040 BLENDWEIGHTS: 1.0, 0.0, 0.0, 0.0
vb0[99]+056 BLENDINDICES: 1, 0, 0, 0
vb0[99]+072 COLOR: 1.0, 0.5019607843137255, 0.5019607843137255, 0.0
vb0[99]+076 TEXCOORD: 0.441991925239563, 0.7132775783538818

vb0[100]+000 POSITION: 0.030512208119034767, 1.843329906463623, 0.0818859338760376
vb0[100]+012 NORMAL: 0.258157879114151, -0.22126908600330353, 0.9404224753379822
vb0[100]+024 TANGENT: -0.09039365500211716, 0.5681422352790833, 0.8179506063461304, -1.0
vb0[100]+040 BLENDWEIGHTS: 1.0, 0.0, 0.0, 0.0
vb0[100]+056 BLENDINDICES: 1, 0, 0, 0
vb0[100]+072 COLOR: 1.0, 0.5019607843137255, 0.5019607843137255, 0.0
vb0[100]+076 TEXCOORD: 0.45017993450164795, 0.7114785313606262

vb0[101]+000 POSITION: 0.028812350705266, 1.8423839807510376, 0.08218210935592651
vb0[101]+012 NORMAL: 0.2839363217353821, -0.20761226117610931, 0.9360968470573425
vb0[101]+024 TANGENT: -0.24710775911808014, 0.482525110244751, 0.8403018116950989, -1.0
vb0[101]+040 BLENDWEIGHTS: 1.0, 0.0, 0.0, 0.0
vb0[101]+056 BLENDINDICES: 1, 0, 0, 0
vb0[101]+072 COLOR: 1.0, 0.5019607843137255, 0.5019607843137255, 0.0
vb0[101]+076 TEXCOORD: 0.4574993848800659, 0.7074785828590393

vb0[102]+000 POSITION: 0.027302026748657227, 1.8409287929534912, 0.0823264941573143
vb0[102]+012 NORMAL: 0.2914181649684906, -0.1993563026189804, 0.9355920553207397
vb0[102]+024 TANGENT: -0.40748506784439087, 0.3300720751285553, 0.8514742255210876, -1.0
vb0[102]+040 BLENDWEIGHTS: 1.0, 0.0, 0.0, 0.0
vb0[102]+056 BLENDINDICES: 1, 0, 0, 0
vb0[102]+072 COLOR: 1.0, 0.5019607843137255, 0.5019607843137255, 0.0
vb0[102]+076 TEXCOORD: 0.46383345127105713, 0.7014926671981812

vb0[103]+000 POSITION: 0.026361538097262383, 1.8391677141189575, 0.0822601467370987
vb0[103]+012 NORMAL: 0.30295518040657043, -0.17760181427001953, 0.9363096356391907
vb0[103]+024 TANGENT: -0.4940227270126343, 0.14405393600463867, 0.8574322462081909, -1.0
vb0[103]+040 BLENDWEIGHTS: 1.0, 0.0, 0.0, 0.0
vb0[103]+056 BLENDINDICES: 1, 0, 0, 0
vb0[103]+072 COLOR: 1.0, 0.5019607843137255, 0.5019607843137255, 0.0
vb0[103]+076 TEXCOORD: 0.4683922529220581, 0.694116473197937

vb0[104]+000 POSITION: 0.025858892127871513, 1.837187647819519, 0.08208630234003067
vb0[104]+012 NORMAL: 0.30942749977111816, -0.16526295244693756, 0.9364522099494934
vb0[104]+024 TANGENT: -0.5174266695976257, -0.03765076398849487, 0.8548988103866577, -1.0
vb0[104]+040 BLENDWEIGHTS: 1.0, 0.0, 0.0, 0.0
vb0[104]+056 BLENDINDICES: 1, 0, 0, 0
vb0[104]+072 COLOR: 1.0, 0.5019607843137255, 0.5019607843137255, 0.0
vb0[104]+076 TEXCOORD: 0.47078490257263184, 0.6857503652572632

vb0[105]+000 POSITION: 0.025869695469737053, 1.8352917432785034, 0.08173786848783493
vb0[105]+012 NORMAL: 0.3082062900066376, -0.1641346663236618, 0.9370532035827637
vb0[105]+024 TANGENT: -0.492745041847229, -0.22423475980758667, 0.8407860398292542, -1.0
vb0[105]+040 BLENDWEIGHTS: 1.0, 0.0, 0.0, 0.0
vb0[105]+056 BLENDINDICES: 1, 0, 0, 0
vb0[105]+072 COLOR: 1.0, 0.5019607843137255, 0.5019607843137255, 0.0
vb0[105]+076 TEXCOORD: 0.4710044860839844, 0.678001880645752

vb0[106]+000 POSITION: 0.04165058210492134, 1.8361170291900635, 0.07706912606954575
vb0[106]+012 NORMAL: 0.9850823879241943, -0.11869026720523834, 0.12460033595561981
vb0[106]+024 TANGENT: 0.9857214689254761, -0.11326485127210617, 0.12459611147642136, -1.0
vb0[106]+040 BLENDWEIGHTS: 1.0, 0.0, 0.0, 0.0
vb0[106]+056 BLENDINDICES: 1, 0, 0, 0
vb0[106]+072 COLOR: 1.0, 0.5019607843137255, 0.5019607843137255, 0.0
vb0[106]+076 TEXCOORD: 0.4010249376296997, 0.677588701248169

vb0[107]+000 POSITION: 0.041124653071165085, 1.834238052368164, 0.07775674760341644
vb0[107]+012 NORMAL: 0.9347620606422424, -0.32946160435676575, 0.13294760882854462
vb0[107]+024 TANGENT: 0.6999467611312866, -0.30096471309661865, 0.6476840972900391, -1.0
vb0[107]+040 BLENDWEIGHTS: 1.0, 0.0, 0.0, 0.0
vb0[107]+056 BLENDINDICES: 1, 0, 0, 0
vb0[107]+072 COLOR: 1.0, 0.5019607843137255, 0.5019607843137255, 0.0
vb0[107]+076 TEXCOORD: 0.4060760736465454, 0.6695330739021301

vb0[108]+000 POSITION: 0.04122873768210411, 1.8341519832611084, 0.07682033628225327
vb0[108]+012 NORMAL: 0.9274618625640869, -0.34889569878578186, 0.13448555767536163
vb0[108]+024 TANGENT: 0.9277206659317017, -0.3482274115085602, 0.13443243503570557, -1.0
vb0[108]+040 BLENDWEIGHTS: 1.0, 0.0, 0.0, 0.0
vb0[108]+056 BLENDINDICES: 1, 0, 0, 0
vb0[108]+072 COLOR: 1.0, 0.5019607843137255, 0.5019607843137255, 0.0
vb0[108]+076 TEXCOORD: 0.4028893709182739, 0.6683350205421448

vb0[109]+000 POSITION: 0.04153960570693016, 1.8361396789550781, 0.07800684124231339
vb0[109]+012 NORMAL: 0.9880645871162415, -0.09066065400838852, 0.1245354488492012
vb0[109]+024 TANGENT: 0.7441786527633667, -0.15692830085754395, 0.6492855548858643, -1.0
vb0[109]+040 BLENDWEIGHTS: 1.0, 0.0, 0.0, 0.0
vb0[109]+056 BLENDINDICES: 1, 0, 0, 0
vb0[109]+072 COLOR: 1.0, 0.5019607843137255, 0.5019607843137255, 0.0
vb0[109]+076 TEXCOORD: 0.40436720848083496, 0.6780029535293579

vb0[110]+000 POSITION: 0.0415608212351799, 1.837921380996704, 0.0774184837937355
vb0[110]+012 NORMAL: 0.9828575849533081, 0.13908860087394714, 0.121017225086689
vb0[110]+024 TANGENT: 0.9836925268173218, 0.13294148445129395, 0.12114335596561432, -1.0
vb0[110]+040 BLENDWEIGHTS: 1.0, 0.0, 0.0, 0.0
vb0[110]+056 BLENDINDICES: 1, 0, 0, 0
vb0[110]+072 COLOR: 1.0, 0.5019607843137255, 0.5019607843137255, 0.0
vb0[110]+076 TEXCOORD: 0.401273250579834, 0.6859465837478638

vb0[111]+000 POSITION: 0.04143649339675903, 1.8379524946212769, 0.07836338132619858
vb0[111]+012 NORMAL: 0.975756049156189, 0.1832074522972107, 0.1197294294834137
vb0[111]+024 TANGENT: 0.7518205046653748, 0.0013165472773835063, 0.6593664884567261, -1.0
vb0[111]+040 BLENDWEIGHTS: 1.0, 0.0, 0.0, 0.0
vb0[111]+056 BLENDINDICES: 1, 0, 0, 0
vb0[111]+072 COLOR: 1.0, 0.5019607843137255, 0.5019607843137255, 0.0
vb0[111]+076 TEXCOORD: 0.4045755863189697, 0.6857516765594482

vb0[112]+000 POSITION: 0.040243931114673615, 1.832467794418335, 0.07765127718448639
vb0[112]+012 NORMAL: 0.8329863548278809, -0.5326114296913147, 0.1498626470565796
vb0[112]+024 TANGENT: 0.62891685962677, -0.42230546474456787, 0.6527799367904663, -1.0
vb0[112]+040 BLENDWEIGHTS: 1.0, 0.0, 0.0, 0.0
vb0[112]+056 BLENDINDICES: 1, 0, 0, 0
vb0[112]+072 COLOR: 1.0, 0.5019607843137255, 0.5019607843137255, 0.0
vb0[112]+076 TEXCOORD: 0.4099159240722656, 0.6616981029510498

vb0[113]+000 POSITION: 0.040328703820705414, 1.8323355913162231, 0.07671967893838882
vb0[113]+012 NORMAL: 0.8264864087104797, -0.542396605014801, 0.150751993060112
vb0[113]+024 TANGENT: 0.8207401633262634, -0.5508540868759155, 0.15147735178470612, -1.0
vb0[113]+040 BLENDWEIGHTS: 1.0, 0.0, 0.0, 0.0
vb0[113]+056 BLENDINDICES: 1, 0, 0, 0
vb0[113]+072 COLOR: 1.0, 0.5019607843137255, 0.5019607843137255, 0.0
vb0[113]+076 TEXCOORD: 0.40712273120880127, 0.6596481800079346

vb0[114]+000 POSITION: 0.039170850068330765, 1.831208348274231, 0.07768993824720383
vb0[114]+012 NORMAL: 0.6845186352729797, -0.7097874283790588, 0.16624094545841217
vb0[114]+024 TANGENT: 0.5419831871986389, -0.5142278671264648, 0.6646983623504639, -1.0
vb0[114]+040 BLENDWEIGHTS: 1.0, 0.0, 0.0, 0.0
vb0[114]+056 BLENDINDICES: 1, 0, 0, 0
vb0[114]+072 COLOR: 1.0, 0.5019607843137255, 0.5019607843137255, 0.0
vb0[114]+076 TEXCOORD: 0.41604506969451904, 0.6555719375610352

vb0[115]+000 POSITION: 0.039224810898303986, 1.831043004989624, 0.07676542550325394
vb0[115]+012 NORMAL: 0.6824243068695068, -0.7117556929588318, 0.16643574833869934
vb0[115]+024 TANGENT: 0.6861516833305359, -0.7082614302635193, 0.1660168170928955, -1.0
vb0[115]+040 BLENDWEIGHTS: 1.0, 0.0, 0.0, 0.0
vb0[115]+056 BLENDINDICES: 1, 0, 0, 0
vb0[115]+072 COLOR: 1.0, 0.5019607843137255, 0.5019607843137255, 0.0
vb0[115]+076 TEXCOORD: 0.4138225317001343, 0.6528072357177734

vb0[116]+000 POSITION: 0.03772738203406334, 1.8298896551132202, 0.07693707942962646
vb0[116]+012 NORMAL: 0.5339369773864746, -0.8261366486549377, 0.18002630770206451
vb0[116]+024 TANGENT: 0.5297716856002808, -0.8287429213523865, 0.1803528070449829, -1.0
vb0[116]+040 BLENDWEIGHTS: 1.0, 0.0, 0.0, 0.0
vb0[116]+056 BLENDINDICES: 1, 0, 0, 0
vb0[116]+072 COLOR: 1.0, 0.5019607843137255, 0.5019607843137255, 0.0
vb0[116]+076 TEXCOORD: 0.4201483726501465, 0.648543119430542

vb0[117]+000 POSITION: 0.03770989552140236, 1.8300771713256836, 0.07784939557313919
vb0[117]+012 NORMAL: 0.5304591655731201, -0.8283073902130127, 0.180332750082016
vb0[117]+024 TANGENT: 0.44842657446861267, -0.5886179208755493, 0.6726385354995728, -1.0
vb0[117]+040 BLENDWEIGHTS: 1.0, 0.0, 0.0, 0.0
vb0[117]+056 BLENDINDICES: 1, 0, 0, 0
vb0[117]+072 COLOR: 1.0, 0.5019607843137255, 0.5019607843137255, 0.0
vb0[117]+076 TEXCOORD: 0.4217897653579712, 0.6517146825790405

vb0[118]+000 POSITION: 0.03614980727434158, 1.8291689157485962, 0.07720901072025299
vb0[118]+012 NORMAL: 0.35146647691726685, -0.9155479073524475, 0.1955588459968567
vb0[118]+024 TANGENT: 0.35183635354042053, -0.9154031276702881, 0.1955718994140625, -1.0
vb0[118]+040 BLENDWEIGHTS: 1.0, 0.0, 0.0, 0.0
vb0[118]+056 BLENDINDICES: 1, 0, 0, 0
vb0[118]+072 COLOR: 1.0, 0.5019607843137255, 0.5019607843137255, 0.0
vb0[118]+076 TEXCOORD: 0.42702150344848633, 0.6458044052124023

vb0[119]+000 POSITION: 0.036171987652778625, 1.8293681144714355, 0.07810299098491669
vb0[119]+012 NORMAL: 0.34216147661209106, -0.9188960790634155, 0.19635571539402008
vb0[119]+024 TANGENT: 0.3407841622829437, -0.640672504901886, 0.6880443692207336, -1.0
vb0[119]+040 BLENDWEIGHTS: 1.0, 0.0, 0.0, 0.0
vb0[119]+056 BLENDINDICES: 1, 0, 0, 0
vb0[119]+072 COLOR: 1.0, 0.5019607843137255, 0.5019607843137255, 0.0
vb0[119]+076 TEXCOORD: 0.42803525924682617, 0.6492359638214111

vb0[120]+000 POSITION: 0.03442152589559555, 1.8287830352783203, 0.07757527381181717
vb0[120]+012 NORMAL: 0.1783129870891571, -0.9612880349159241, 0.21007105708122253
vb0[120]+024 TANGENT: 0.17647773027420044, -0.9615857005119324, 0.2102586179971695, -1.0
vb0[120]+040 BLENDWEIGHTS: 1.0, 0.0, 0.0, 0.0
vb0[120]+056 BLENDINDICES: 1, 0, 0, 0
vb0[120]+072 COLOR: 1.0, 0.5019607843137255, 0.5019607843137255, 0.0
vb0[120]+076 TEXCOORD: 0.4341437816619873, 0.6444099545478821

vb0[121]+000 POSITION: 0.03448010981082916, 1.8289847373962402, 0.07844644039869308
vb0[121]+012 NORMAL: 0.1648641675710678, -0.9634369611740112, 0.21120867133140564
vb0[121]+024 TANGENT: 0.2373049259185791, -0.6700411438941956, 0.7033712863922119, -1.0
vb0[121]+040 BLENDWEIGHTS: 1.0, 0.0, 0.0, 0.0
vb0[121]+056 BLENDINDICES: 1, 0, 0, 0
vb0[121]+072 COLOR: 1.0, 0.5019607843137255, 0.5019607843137255, 0.0
vb0[121]+076 TEXCOORD: 0.4344816207885742, 0.6479793787002563

vb0[122]+000 POSITION: 0.032693009823560715, 1.8287348747253418, 0.0780072957277298
vb0[122]+012 NORMAL: -0.0025314276572316885, -0.9743038415908813, 0.22522354125976562
vb0[122]+024 TANGENT: -0.005887865554541349, -0.9742384552955627, 0.22544348239898682, -1.0
vb0[122]+040 BLENDWEIGHTS: 1.0, 0.0, 0.0, 0.0
vb0[122]+056 BLENDINDICES: 1, 0, 0, 0
vb0[122]+072 COLOR: 1.0, 0.5019607843137255, 0.5019607843137255, 0.0
vb0[122]+076 TEXCOORD: 0.441228985786438, 0.6444107294082642

vb0[123]+000 POSITION: 0.03278660401701927, 1.8289302587509155, 0.07885461300611496
vb0[123]+012 NORMAL: -0.023268258199095726, -0.9736371040344238, 0.22691302001476288
vb0[123]+024 TANGENT: 0.1285024732351303, -0.6857608556747437, 0.7163931727409363, -1.0
vb0[123]+040 BLENDWEIGHTS: 1.0, 0.0, 0.0, 0.0
vb0[123]+056 BLENDINDICES: 1, 0, 0, 0
vb0[123]+072 COLOR: 1.0, 0.5019607843137255, 0.5019607843137255, 0.0
vb0[123]+076 TEXCOORD: 0.44089770317077637, 0.6479785442352295

vb0[124]+000 POSITION: 0.031072944402694702, 1.8290462493896484, 0.07848220318555832
vb0[124]+012 NORMAL: -0.19357551634311676, -0.9512737989425659, 0.24001412093639374
vb0[124]+024 TANGENT: -0.19462299346923828, -0.9510491490364075, 0.240057110786438, -1.0
vb0[124]+040 BLENDWEIGHTS: 1.0, 0.0, 0.0, 0.0
vb0[124]+056 BLENDINDICES: 1, 0, 0, 0
vb0[124]+072 COLOR: 1.0, 0.5019607843137255, 0.5019607843137255, 0.0
vb0[124]+076 TEXCOORD: 0.448345422744751, 0.6458061337471008

vb0[125]+000 POSITION: 0.03120047226548195, 1.8292286396026611, 0.07930883765220642
vb0[125]+012 NORMAL: -0.21593672037124634, -0.9460204243659973, 0.24169565737247467
vb0[125]+024 TANGENT: 0.01851731538772583, -0.6766809821128845, 0.7360434532165527, -1.0
vb0[125]+040 BLENDWEIGHTS: 1.0, 0.0, 0.0, 0.0
vb0[125]+056 BLENDINDICES: 1, 0, 0, 0
vb0[125]+072 COLOR: 1.0, 0.5019607843137255, 0.5019607843137255, 0.0
vb0[125]+076 TEXCOORD: 0.4473475217819214, 0.6492376923561096

vb0[126]+000 POSITION: 0.029561439529061317, 1.8296645879745483, 0.07898303121328354
vb0[126]+012 NORMAL: -0.37578028440475464, -0.8914603590965271, 0.2531554102897644
vb0[126]+024 TANGENT: -0.3742247521877289, -0.892154335975647, 0.25301453471183777, -1.0
vb0[126]+040 BLENDWEIGHTS: 1.0, 0.0, 0.0, 0.0
vb0[126]+056 BLENDINDICES: 1, 0, 0, 0
vb0[126]+072 COLOR: 1.0, 0.5019607843137255, 0.5019607843137255, 0.0
vb0[126]+076 TEXCOORD: 0.4556610584259033, 0.6486550569534302

vb0[127]+000 POSITION: 0.02971077896654606, 1.829832673072815, 0.07979855686426163
vb0[127]+012 NORMAL: -0.4024391174316406, -0.8792396783828735, 0.254912406206131
vb0[127]+024 TANGENT: -0.09533131867647171, -0.6486755013465881, 0.7550709247589111, -1.0
vb0[127]+040 BLENDWEIGHTS: 1.0, 0.0, 0.0, 0.0
vb0[127]+056 BLENDINDICES: 1, 0, 0, 0
vb0[127]+072 COLOR: 1.0, 0.5019607843137255, 0.5019607843137255, 0.0
vb0[127]+076 TEXCOORD: 0.4540177583694458, 0.6518308520317078

vb0[128]+000 POSITION: 0.028141256421804428, 1.8306399583816528, 0.07952264696359634
vb0[128]+012 NORMAL: -0.5504199266433716, -0.7929323315620422, 0.26133525371551514
vb0[128]+024 TANGENT: -0.5523836612701416, -0.7915576100349426, 0.26135969161987305, -1.0
vb0[128]+040 BLENDWEIGHTS: 1.0, 0.0, 0.0, 0.0
vb0[128]+056 BLENDINDICES: 1, 0, 0, 0
vb0[128]+072 COLOR: 1.0, 0.5019607843137255, 0.5019607843137255, 0.0
vb0[128]+076 TEXCOORD: 0.4620943069458008, 0.6531345844268799

vb0[129]+000 POSITION: 0.028309501707553864, 1.8307889699935913, 0.08032319694757462
vb0[129]+012 NORMAL: -0.5782719254493713, -0.772692084312439, 0.26181769371032715
vb0[129]+024 TANGENT: -0.21313931047916412, -0.5938741564750671, 0.7758125066757202, -1.0
vb0[129]+040 BLENDWEIGHTS: 1.0, 0.0, 0.0, 0.0
vb0[129]+056 BLENDINDICES: 1, 0, 0, 0
vb0[129]+072 COLOR: 1.0, 0.5019607843137255, 0.5019607843137255, 0.0
vb0[129]+076 TEXCOORD: 0.45986831188201904, 0.6559064388275146

vb0[130]+000 POSITION: 0.026982668787240982, 1.8318980932235718, 0.0800529196858406
vb0[130]+012 NORMAL: -0.7120853662490845, -0.6508622765541077, 0.26327306032180786
vb0[130]+024 TANGENT: -0.7131950259208679, -0.6496020555496216, 0.26338183879852295, -1.0
vb0[130]+040 BLENDWEIGHTS: 1.0, 0.0, 0.0, 0.0
vb0[130]+056 BLENDINDICES: 1, 0, 0, 0
vb0[130]+072 COLOR: 1.0, 0.5019607843137255, 0.5019607843137255, 0.0
vb0[130]+076 TEXCOORD: 0.4680311679840088, 0.6601901054382324

vb0[131]+000 POSITION: 0.027166225016117096, 1.8320040702819824, 0.0808214545249939
vb0[131]+012 NORMAL: -0.7342510223388672, -0.6257044672966003, 0.26338067650794983
vb0[131]+024 TANGENT: -0.32152819633483887, -0.5133311748504639, 0.7956825494766235, -1.0
vb0[131]+040 BLENDWEIGHTS: 1.0, 0.0, 0.0, 0.0
vb0[131]+056 BLENDINDICES: 1, 0, 0, 0
vb0[131]+072 COLOR: 1.0, 0.5019607843137255, 0.5019607843137255, 0.0
vb0[131]+076 TEXCOORD: 0.4652351140975952, 0.6622490882873535

vb0[132]+000 POSITION: 0.026109861209988594, 1.8333895206451416, 0.08055152744054794
vb0[132]+012 NORMAL: -0.8570907115936279, -0.4401609003543854, 0.26768237352371216
vb0[132]+024 TANGENT: -0.8552133440971375, -0.44386234879493713, 0.26757514476776123, -1.0
vb0[132]+040 BLENDWEIGHTS: 1.0, 0.0, 0.0, 0.0
vb0[132]+056 BLENDINDICES: 1, 0, 0, 0
vb0[132]+072 COLOR: 1.0, 0.5019607843137255, 0.5019607843137255, 0.0
vb0[132]+076 TEXCOORD: 0.47226405143737793, 0.6688787341117859

vb0[133]+000 POSITION: 0.02630208246409893, 1.8334602117538452, 0.08128885924816132
vb0[133]+012 NORMAL: -0.8768526315689087, -0.398752361536026, 0.2685627043247223
vb0[133]+024 TANGENT: -0.43660175800323486, -0.38602057099342346, 0.8126296997070312, -1.0
vb0[133]+040 BLENDWEIGHTS: 1.0, 0.0, 0.0, 0.0
vb0[133]+056 BLENDINDICES: 1, 0, 0, 0
vb0[133]+072 COLOR: 1.0, 0.5019607843137255, 0.5019607843137255, 0.0
vb0[133]+076 TEXCOORD: 0.4690748453140259, 0.6700815558433533

vb0[134]+000 POSITION: 0.025674955919384956, 1.8352417945861816, 0.08101876080036163
vb0[134]+012 NORMAL: -0.9457522630691528, -0.18745337426662445, 0.26535600423812866
vb0[134]+024 TANGENT: -0.9460818767547607, -0.18593919277191162, 0.26524651050567627, -1.0
vb0[134]+040 BLENDWEIGHTS: 1.0, 0.0, 0.0, 0.0
vb0[134]+056 BLENDINDICES: 1, 0, 0, 0
vb0[134]+072 COLOR: 1.0, 0.5019607843137255, 0.5019607843137255, 0.0
vb0[134]+076 TEXCOORD: 0.47434210777282715, 0.6775879859924316

vb0[135]+000 POSITION: 0.025869695469737053, 1.8352917432785034, 0.08173786848783493
vb0[135]+012 NORMAL: -0.9525992274284363, -0.15174075961112976, 0.26368448138237
vb0[135]+024 TANGENT: -0.492745041847229, -0.22423475980758667, 0.8407860398292542, -1.0
vb0[135]+040 BLENDWEIGHTS: 1.0, 0.0, 0.0, 0.0
vb0[135]+056 BLENDINDICES: 1, 0, 0, 0
vb0[135]+072 COLOR: 1.0, 0.5019607843137255, 0.5019607843137255, 0.0
vb0[135]+076 TEXCOORD: 0.4710044860839844, 0.678001880645752

vb0[136]+000 POSITION: 0.025677574798464775, 1.8371425867080688, 0.0813751071691513
vb0[136]+012 NORMAL: -0.9664108753204346, 0.07082843780517578, 0.24704915285110474
vb0[136]+024 TANGENT: -0.9666191339492798, 0.06642735004425049, 0.24745678901672363, -1.0
vb0[136]+040 BLENDWEIGHTS: 1.0, 0.0, 0.0, 0.0
vb0[136]+056 BLENDINDICES: 1, 0, 0, 0
vb0[136]+072 COLOR: 1.0, 0.5019607843137255, 0.5019607843137255, 0.0
vb0[136]+076 TEXCOORD: 0.4741041660308838, 0.6859376430511475

vb0[137]+000 POSITION: 0.025858892127871513, 1.837187647819519, 0.08208630234003067
vb0[137]+012 NORMAL: -0.9638243913650513, 0.10938640683889389, 0.24305813014507294
vb0[137]+024 TANGENT: -0.5174266695976257, -0.03765076398849487, 0.8548988103866577, -1.0
vb0[137]+040 BLENDWEIGHTS: 1.0, 0.0, 0.0, 0.0
vb0[137]+056 BLENDINDICES: 1, 0, 0, 0
vb0[137]+072 COLOR: 1.0, 0.5019607843137255, 0.5019607843137255, 0.0
vb0[137]+076 TEXCOORD: 0.47078490257263184, 0.6857503652572632

vb0[138]+000 POSITION: 0.026199834421277046, 1.839192509651184, 0.08157344907522202
vb0[138]+012 NORMAL: -0.9173762798309326, 0.32860490679740906, 0.22458773851394653
vb0[138]+024 TANGENT: -0.9163467884063721, 0.3316234052181244, 0.22435341775417328, -1.0
vb0[138]+040 BLENDWEIGHTS: 1.0, 0.0, 0.0, 0.0
vb0[138]+056 BLENDINDICES: 1, 0, 0, 0
vb0[138]+072 COLOR: 1.0, 0.5019607843137255, 0.5019607843137255, 0.0
vb0[138]+076 TEXCOORD: 0.47146904468536377, 0.6950917840003967

vb0[139]+000 POSITION: 0.026361538097262383, 1.8391677141189575, 0.0822601467370987
vb0[139]+012 NORMAL: -0.9114444255828857, 0.34538576006889343, 0.22355729341506958
vb0[139]+024 TANGENT: -0.4940227270126343, 0.14405393600463867, 0.8574322462081909, -1.0
vb0[139]+040 BLENDWEIGHTS: 1.0, 0.0, 0.0, 0.0
vb0[139]+056 BLENDINDICES: 1, 0, 0, 0
vb0[139]+072 COLOR: 1.0, 0.5019607843137255, 0.5019607843137255, 0.0
vb0[139]+076 TEXCOORD: 0.4683922529220581, 0.694116473197937

vb0[140]+000 POSITION: 0.02717885747551918, 1.8410046100616455, 0.08165384829044342
vb0[140]+012 NORMAL: -0.7760152816772461, 0.5962749123573303, 0.2055637389421463
vb0[140]+024 TANGENT: -0.7774832248687744, 0.594306468963623, 0.20571734011173248, -1.0
vb0[140]+040 BLENDWEIGHTS: 1.0, 0.0, 0.0, 0.0
vb0[140]+056 BLENDINDICES: 1, 0, 0, 0
vb0[140]+072 COLOR: 1.0, 0.5019607843137255, 0.5019607843137255, 0.0
vb0[140]+076 TEXCOORD: 0.4664735794067383, 0.7033222913742065

vb0[141]+000 POSITION: 0.027302026748657227, 1.8409287929534912, 0.0823264941573143
vb0[141]+012 NORMAL: -0.7752705216407776, 0.5972742438316345, 0.2054726630449295
vb0[141]+024 TANGENT: -0.40748506784439087, 0.3300720751285553, 0.8514742255210876, -1.0
vb0[141]+040 BLENDWEIGHTS: 1.0, 0.0, 0.0, 0.0
vb0[141]+056 BLENDINDICES: 1, 0, 0, 0
vb0[141]+072 COLOR: 1.0, 0.5019607843137255, 0.5019607843137255, 0.0
vb0[141]+076 TEXCOORD: 0.46383345127105713, 0.7014926671981812

vb0[142]+000 POSITION: 0.028812350705266, 1.8423839807510376, 0.08218210935592651
vb0[142]+012 NORMAL: -0.579479455947876, 0.7946237921714783, 0.18104302883148193
vb0[142]+024 TANGENT: -0.24710775911808014, 0.482525110244751, 0.8403018116950989, -1.0
vb0[142]+040 BLENDWEIGHTS: 1.0, 0.0, 0.0, 0.0
vb0[142]+056 BLENDINDICES: 1, 0, 0, 0
vb0[142]+072 COLOR: 1.0, 0.5019607843137255, 0.5019607843137255, 0.0
vb0[142]+076 TEXCOORD: 0.4574993848800659, 0.7074785828590393

vb0[143]+000 POSITION: 0.02875012718141079, 1.8424912691116333, 0.08151696622371674
vb0[143]+012 NORMAL: -0.5623904466629028, 0.8072717785835266, 0.17896738648414612
vb0[143]+024 TANGENT: -0.5571422576904297, 0.8110604286193848, 0.1782510131597519, -1.0
vb0[143]+040 BLENDWEIGHTS: 1.0, 0.0, 0.0, 0.0
vb0[143]+056 BLENDINDICES: 1, 0, 0, 0
vb0[143]+072 COLOR: 1.0, 0.5019607843137255, 0.5019607843137255, 0.0
vb0[143]+076 TEXCOORD: 0.45945119857788086, 0.7099613547325134

vb0[144]+000 POSITION: 0.030512208119034767, 1.843329906463623, 0.0818859338760376
vb0[144]+012 NORMAL: -0.34994450211524963, 0.921853244304657, 0.16651001572608948
vb0[144]+024 TANGENT: -0.09039365500211716, 0.5681422352790833, 0.8179506063461304, -1.0
vb0[144]+040 BLENDWEIGHTS: 1.0, 0.0, 0.0, 0.0
vb0[144]+056 BLENDINDICES: 1, 0, 0, 0
vb0[144]+072 COLOR: 1.0, 0.5019607843137255, 0.5019607843137255, 0.0
vb0[144]+076 TEXCOORD: 0.45017993450164795, 0.7114785313606262

vb0[145]+000 POSITION: 0.03053528070449829, 1.8434500694274902, 0.08122909069061279
vb0[145]+012 NORMAL: -0.3085944950580597, 0.9364601969718933, 0.16676883399486542
vb0[145]+024 TANGENT: -0.3108743727207184, 0.9357028603553772, 0.1667853742837906, -1.0
vb0[145]+040 BLENDWEIGHTS: 1.0, 0.0, 0.0, 0.0
vb0[145]+056 BLENDINDICES: 1, 0, 0, 0
vb0[145]+072 COLOR: 1.0, 0.5019607843137255, 0.5019607843137255, 0.0
vb0[145]+076 TEXCOORD: 0.4512045383453369, 0.7142935991287231

vb0[146]+000 POSITION: 0.03247431293129921, 1.8438149690628052, 0.08151908963918686
vb0[146]+012 NORMAL: -0.11530585587024689, 0.9793915152549744, 0.16582152247428894
vb0[146]+024 TANGENT: 0.08440917730331421, 0.5801784992218018, 0.810103714466095, -1.0
vb0[146]+040 BLENDWEIGHTS: 1.0, 0.0, 0.0, 0.0
vb0[146]+056 BLENDINDICES: 1, 0, 0, 0
vb0[146]+072 COLOR: 1.0, 0.5019607843137255, 0.5019607843137255, 0.0
vb0[146]+076 TEXCOORD: 0.441991925239563, 0.7132775783538818

vb0[147]+000 POSITION: 0.032471705228090286, 1.8439332246780396, 0.08081609755754471
vb0[147]+012 NORMAL: -0.08372502774000168, 0.9826645255088806, 0.1654101014137268
vb0[147]+024 TANGENT: -0.08648360520601273, 0.9824469089508057, 0.16528332233428955, -1.0
vb0[147]+040 BLENDWEIGHTS: 1.0, 0.0, 0.0, 0.0
vb0[147]+056 BLENDINDICES: 1, 0, 0, 0
vb0[147]+072 COLOR: 1.0, 0.5019607843137255, 0.5019607843137255, 0.0
vb0[147]+076 TEXCOORD: 0.442293643951416, 0.7163710594177246

vb0[148]+000 POSITION: 0.03452281281352043, 1.8438981771469116, 0.08099930733442307
vb0[148]+012 NORMAL: 0.10087651014328003, 0.9821089506149292, 0.15901504456996918
vb0[148]+024 TANGENT: 0.23523257672786713, 0.5800983309745789, 0.7798406481742859, -1.0
vb0[148]+040 BLENDWEIGHTS: 1.0, 0.0, 0.0, 0.0
vb0[148]+056 BLENDINDICES: 1, 0, 0, 0
vb0[148]+072 COLOR: 1.0, 0.5019607843137255, 0.5019607843137255, 0.0
vb0[148]+076 TEXCOORD: 0.4333723783493042, 0.7133429050445557

vb0[149]+000 POSITION: 0.034502990543842316, 1.8440099954605103, 0.08030948787927628
vb0[149]+012 NORMAL: 0.1313251554965973, 0.9787771105766296, 0.15731844305992126
vb0[149]+024 TANGENT: 0.13074809312820435, 0.9789026975631714, 0.15701700747013092, -1.0
vb0[149]+040 BLENDWEIGHTS: 1.0, 0.0, 0.0, 0.0
vb0[149]+056 BLENDINDICES: 1, 0, 0, 0
vb0[149]+072 COLOR: 1.0, 0.5019607843137255, 0.5019607843137255, 0.0
vb0[149]+076 TEXCOORD: 0.4330863952636719, 0.7163472771644592

vb0[150]+000 POSITION: 0.036451537162065506, 1.843523621559143, 0.08048521727323532
vb0[150]+012 NORMAL: 0.33135175704956055, 0.9313842058181763, 0.15076307952404022
vb0[150]+024 TANGENT: 0.3758874535560608, 0.5332704782485962, 0.757846474647522, -1.0
vb0[150]+040 BLENDWEIGHTS: 1.0, 0.0, 0.0, 0.0
vb0[150]+056 BLENDINDICES: 1, 0, 0, 0
vb0[150]+072 COLOR: 1.0, 0.5019607843137255, 0.5019607843137255, 0.0
vb0[150]+076 TEXCOORD: 0.425203800201416, 0.7114405035972595

vb0[151]+000 POSITION: 0.03649890050292015, 1.8436309099197388, 0.07973497360944748
vb0[151]+012 NORMAL: 0.37469175457954407, 0.914915144443512, 0.1501210778951645
vb0[151]+024 TANGENT: 0.3700411021709442, 0.91678786277771, 0.1502314954996109, -1.0
vb0[151]+040 BLENDWEIGHTS: 1.0, 0.0, 0.0, 0.0
vb0[151]+056 BLENDINDICES: 1, 0, 0, 0
vb0[151]+072 COLOR: 1.0, 0.5019607843137255, 0.5019607843137255, 0.0
vb0[151]+076 TEXCOORD: 0.4241635799407959, 0.7143105268478394

vb0[152]+000 POSITION: 0.03824574500322342, 1.842673420906067, 0.07992856949567795
vb0[152]+012 NORMAL: 0.5564419031143188, 0.8182340264320374, 0.14444872736930847
vb0[152]+024 TANGENT: 0.5161187648773193, 0.44530174136161804, 0.7316609025001526, -1.0
vb0[152]+040 BLENDWEIGHTS: 1.0, 0.0, 0.0, 0.0
vb0[152]+056 BLENDINDICES: 1, 0, 0, 0
vb0[152]+072 COLOR: 1.0, 0.5019607843137255, 0.5019607843137255, 0.0
vb0[152]+076 TEXCOORD: 0.4178638458251953, 0.707484781742096

vb0[153]+000 POSITION: 0.03834488242864609, 1.8427543640136719, 0.07910842448472977
vb0[153]+012 NORMAL: 0.601548433303833, 0.7860925793647766, 0.14211931824684143
vb0[153]+024 TANGENT: 0.5982084274291992, 0.7885853052139282, 0.14240717887878418, -1.0
vb0[153]+040 BLENDWEIGHTS: 1.0, 0.0, 0.0, 0.0
vb0[153]+056 BLENDINDICES: 1, 0, 0, 0
vb0[153]+072 COLOR: 1.0, 0.5019607843137255, 0.5019607843137255, 0.0
vb0[153]+076 TEXCOORD: 0.415938138961792, 0.7099741697311401

vb0[154]+000 POSITION: 0.03974248468875885, 1.841396689414978, 0.07937261462211609
vb0[154]+012 NORMAL: 0.747562050819397, 0.6516689658164978, 0.12836918234825134
vb0[154]+024 TANGENT: 0.6295503973960876, 0.3274117410182953, 0.7046046853065491, -1.0
vb0[154]+040 BLENDWEIGHTS: 1.0, 0.0, 0.0, 0.0
vb0[154]+056 BLENDINDICES: 1, 0, 0, 0
vb0[154]+072 COLOR: 1.0, 0.5019607843137255, 0.5019607843137255, 0.0
vb0[154]+076 TEXCOORD: 0.4115316867828369, 0.7014967203140259

vb0[155]+000 POSITION: 0.03987150266766548, 1.8414266109466553, 0.07848117500543594
vb0[155]+012 NORMAL: 0.7833483219146729, 0.6092745661735535, 0.12308470904827118
vb0[155]+024 TANGENT: 0.7823033332824707, 0.610594630241394, 0.12319004535675049, -1.0
vb0[155]+040 BLENDWEIGHTS: 1.0, 0.0, 0.0, 0.0
vb0[155]+056 BLENDINDICES: 1, 0, 0, 0
vb0[155]+072 COLOR: 1.0, 0.5019607843137255, 0.5019607843137255, 0.0
vb0[155]+076 TEXCOORD: 0.4089103937149048, 0.7033380270004272

vb0[156]+000 POSITION: 0.040814630687236786, 1.8398566246032715, 0.07888493686914444
vb0[156]+012 NORMAL: 0.8937004208564758, 0.433556467294693, 0.11544856429100037
vb0[156]+024 TANGENT: 0.7126849293708801, 0.174643874168396, 0.6793965101242065, -1.0
vb0[156]+040 BLENDWEIGHTS: 1.0, 0.0, 0.0, 0.0
vb0[156]+056 BLENDINDICES: 1, 0, 0, 0
vb0[156]+072 COLOR: 1.0, 0.5019607843137255, 0.5019607843137255, 0.0
vb0[156]+076 TEXCOORD: 0.4070141315460205, 0.6941043138504028

vb0[157]+000 POSITION: 0.04094477742910385, 1.8398139476776123, 0.07791724056005478
vb0[157]+012 NORMAL: 0.9195882081985474, 0.3753541111946106, 0.11604639142751694
vb0[157]+024 TANGENT: 0.9176496267318726, 0.38010191917419434, 0.11593830585479736, -1.0
vb0[157]+040 BLENDWEIGHTS: 1.0, 0.0, 0.0, 0.0
vb0[157]+056 BLENDINDICES: 1, 0, 0, 0
vb0[157]+072 COLOR: 1.0, 0.5019607843137255, 0.5019607843137255, 0.0
vb0[157]+076 TEXCOORD: 0.4038865566253662, 0.6951054930686951

vb0[158]+000 POSITION: 0.027061082422733307, 1.835012435913086, 0.08131302893161774
vb0[158]+012 NORMAL: -0.3741326630115509, -0.12881405651569366, 0.9183853268623352
vb0[158]+024 TANGENT: -0.13534331321716309, -0.1589914709329605, 0.9779590368270874, -1.0
vb0[158]+040 BLENDWEIGHTS: 1.0, 0.0, 0.0, 0.0
vb0[158]+056 BLENDINDICES: 1, 0, 0, 0
vb0[158]+072 COLOR: 1.0, 0.5019607843137255, 0.5019607843137255, 0.0
vb0[158]+076 TEXCOORD: 0.4808497428894043, 0.658631443977356

vb0[159]+000 POSITION: 0.028376350179314613, 1.8348941802978516, 0.08147581666707993
vb0[159]+012 NORMAL: 0.0594182088971138, -0.17595620453357697, 0.9826031923294067
vb0[159]+024 TANGENT: 0.15009039640426636, -0.1760936975479126, 0.9728637337684631, -1.0
vb0[159]+040 BLENDWEIGHTS: 1.0, 0.0, 0.0, 0.0
vb0[159]+056 BLENDINDICES: 1, 0, 0, 0
vb0[159]+072 COLOR: 1.0, 0.5019607843137255, 0.5019607843137255, 0.0
vb0[159]+076 TEXCOORD: 0.47880062460899353, 0.653905987739563

vb0[160]+000 POSITION: 0.027152452617883682, 1.8353323936462402, 0.08135885000228882
vb0[160]+012 NORMAL: -0.33769476413726807, 0.05532657355070114, 0.9396282434463501
vb0[160]+024 TANGENT: -0.11514031887054443, -0.057003676891326904, 0.9917123317718506, -1.0
vb0[160]+040 BLENDWEIGHTS: 1.0, 0.0, 0.0, 0.0
vb0[160]+056 BLENDINDICES: 1, 0, 0, 0
vb0[160]+072 COLOR: 1.0, 0.5019607843137255, 0.5019607843137255, 0.0
vb0[160]+076 TEXCOORD: 0.47929489612579346, 0.6590313911437988

vb0[161]+000 POSITION: 0.02735964208841324, 1.8356144428253174, 0.08137914538383484
vb0[161]+012 NORMAL: -0.25278791785240173, 0.2195368856191635, 0.9422853589057922
vb0[161]+024 TANGENT: -0.06946491450071335, 0.03573762997984886, 0.996944010257721, -1.0
vb0[161]+040 BLENDWEIGHTS: 1.0, 0.0, 0.0, 0.0
vb0[161]+056 BLENDINDICES: 1, 0, 0, 0
vb0[161]+072 COLOR: 1.0, 0.5019607843137255, 0.5019607843137255, 0.0
vb0[161]+076 TEXCOORD: 0.4776918888092041, 0.6589304208755493

vb0[162]+000 POSITION: 0.02766239270567894, 1.835830807685852, 0.08137189596891403
vb0[162]+012 NORMAL: -0.12941014766693115, 0.3446073830127716, 0.9297842979431152
vb0[162]+024 TANGENT: -0.001558184390887618, 0.10912678390741348, 0.9940265417098999, -1.0
vb0[162]+040 BLENDWEIGHTS: 1.0, 0.0, 0.0, 0.0
vb0[162]+056 BLENDINDICES: 1, 0, 0, 0
vb0[162]+072 COLOR: 1.0, 0.5019607843137255, 0.5019607843137255, 0.0
vb0[162]+076 TEXCOORD: 0.47619569301605225, 0.6583382487297058

vb0[163]+000 POSITION: 0.028031058609485626, 1.8359605073928833, 0.08133786916732788
vb0[163]+012 NORMAL: 0.017743021249771118, 0.4168091416358948, 0.9088208079338074
vb0[163]+024 TANGENT: 0.0823257640004158, 0.15404821932315826, 0.9846276640892029, -1.0
vb0[163]+040 BLENDWEIGHTS: 1.0, 0.0, 0.0, 0.0
vb0[163]+056 BLENDINDICES: 1, 0, 0, 0
vb0[163]+072 COLOR: 1.0, 0.5019607843137255, 0.5019607843137255, 0.0
vb0[163]+076 TEXCOORD: 0.47495365142822266, 0.6573119759559631

vb0[164]+000 POSITION: 0.028429541736841202, 1.8359909057617188, 0.08128031343221664
vb0[164]+012 NORMAL: 0.17403815686702728, 0.43176746368408203, 0.8850353956222534
vb0[164]+024 TANGENT: 0.17328667640686035, 0.1647334098815918, 0.9709967374801636, -1.0
vb0[164]+040 BLENDWEIGHTS: 1.0, 0.0, 0.0, 0.0
vb0[164]+056 BLENDINDICES: 1, 0, 0, 0
vb0[164]+072 COLOR: 1.0, 0.5019607843137255, 0.5019607843137255, 0.0
vb0[164]+076 TEXCOORD: 0.47408854961395264, 0.655951738357544

vb0[165]+000 POSITION: 0.02881883829832077, 1.8359190225601196, 0.08120489865541458
vb0[165]+012 NORMAL: 0.32515206933021545, 0.38921406865119934, 0.8618518114089966
vb0[165]+024 TANGENT: 0.260929673910141, 0.13986146450042725, 0.9551724195480347, -1.0
vb0[165]+040 BLENDWEIGHTS: 1.0, 0.0, 0.0, 0.0
vb0[165]+056 BLENDINDICES: 1, 0, 0, 0
vb0[165]+072 COLOR: 1.0, 0.5019607843137255, 0.5019607843137255, 0.0
vb0[165]+076 TEXCOORD: 0.4736851453781128, 0.6543909907341003

vb0[166]+000 POSITION: 0.029160836711525917, 1.8357517719268799, 0.08111897110939026
vb0[166]+012 NORMAL: 0.45684298872947693, 0.29383811354637146, 0.8396151065826416
vb0[166]+024 TANGENT: 0.3355896472930908, 0.08340347558259964, 0.9383088946342468, -1.0
vb0[166]+040 BLENDWEIGHTS: 1.0, 0.0, 0.0, 0.0
vb0[166]+056 BLENDINDICES: 1, 0, 0, 0
vb0[166]+072 COLOR: 1.0, 0.5019607843137255, 0.5019607843137255, 0.0
vb0[166]+076 TEXCOORD: 0.473783016204834, 0.6527828574180603

vb0[167]+000 POSITION: 0.029422078281641006, 1.8355056047439575, 0.08103102445602417
vb0[167]+012 NORMAL: 0.556022584438324, 0.15498925745487213, 0.816588819026947
vb0[167]+024 TANGENT: 0.3898584544658661, 0.0030243396759033203, 0.920869767665863, -1.0
vb0[167]+040 BLENDWEIGHTS: 1.0, 0.0, 0.0, 0.0
vb0[167]+056 BLENDINDICES: 1, 0, 0, 0
vb0[167]+072 COLOR: 1.0, 0.5019607843137255, 0.5019607843137255, 0.0
vb0[167]+076 TEXCOORD: 0.47437214851379395, 0.6512851715087891

vb0[168]+000 POSITION: 0.029576990753412247, 1.8352030515670776, 0.08094961196184158
vb0[168]+012 NORMAL: 0.6115780472755432, -0.012012467719614506, 0.7910928726196289
vb0[168]+024 TANGENT: 0.41946151852607727, -0.09166450053453445, 0.9031332731246948, -1.0
vb0[168]+040 BLENDWEIGHTS: 1.0, 0.0, 0.0, 0.0
vb0[168]+056 BLENDINDICES: 1, 0, 0, 0
vb0[168]+072 COLOR: 1.0, 0.5019607843137255, 0.5019607843137255, 0.0
vb0[168]+076 TEXCOORD: 0.47539377212524414, 0.6500445604324341

vb0[169]+000 POSITION: 0.029610387980937958, 1.8348743915557861, 0.0808827206492424
vb0[169]+012 NORMAL: 0.6173734664916992, -0.1887267827987671, 0.7636964321136475
vb0[169]+024 TANGENT: 0.42279288172721863, -0.19149412214756012, 0.8857631087303162, -1.0
vb0[169]+040 BLENDWEIGHTS: 1.0, 0.0, 0.0, 0.0
vb0[169]+056 BLENDINDICES: 1, 0, 0, 0
vb0[169]+072 COLOR: 1.0, 0.5019607843137255, 0.5019607843137255, 0.0
vb0[169]+076 TEXCOORD: 0.47674882411956787, 0.649181604385376

vb0[170]+000 POSITION: 0.029519017785787582, 1.8345527648925781, 0.08083689212799072
vb0[170]+012 NORMAL: 0.5746208429336548, -0.35825926065444946, 0.7358404397964478
vb0[170]+024 TANGENT: 0.400435209274292, -0.28850236535072327, 0.8697230219841003, -1.0
vb0[170]+040 BLENDWEIGHTS: 1.0, 0.0, 0.0, 0.0
vb0[170]+056 BLENDINDICES: 1, 0, 0, 0
vb0[170]+072 COLOR: 1.0, 0.5019607843137255, 0.5019607843137255, 0.0
vb0[170]+076 TEXCOORD: 0.47830474376678467, 0.6487804651260376

vb0[171]+000 POSITION: 0.02931182086467743, 1.834269404411316, 0.0808166041970253
vb0[171]+012 NORMAL: 0.48887526988983154, -0.5047103762626648, 0.7115253806114197
vb0[171]+024 TANGENT: 0.35398727655410767, -0.37447208166122437, 0.8570085763931274, -1.0
vb0[171]+040 BLENDWEIGHTS: 1.0, 0.0, 0.0, 0.0
vb0[171]+056 BLENDINDICES: 1, 0, 0, 0
vb0[171]+072 COLOR: 1.0, 0.5019607843137255, 0.5019607843137255, 0.0
vb0[171]+076 TEXCOORD: 0.47990942001342773, 0.6488805413246155

vb0[172]+000 POSITION: 0.029009077697992325, 1.8340519666671753, 0.08082384616136551
vb0[172]+012 NORMAL: 0.3698420524597168, -0.6151344180107117, 0.6962948441505432
vb0[172]+024 TANGENT: 0.2869912385940552, -0.4420229494571686, 0.8498539924621582, -1.0
vb0[172]+040 BLENDWEIGHTS: 1.0, 0.0, 0.0, 0.0
vb0[172]+056 BLENDINDICES: 1, 0, 0, 0
vb0[172]+072 COLOR: 1.0, 0.5019607843137255, 0.5019607843137255, 0.0
vb0[172]+076 TEXCOORD: 0.48140716552734375, 0.6494727730751038

vb0[173]+000 POSITION: 0.02864041179418564, 1.833922028541565, 0.08085787296295166
vb0[173]+012 NORMAL: 0.23033395409584045, -0.6821141839027405, 0.6940218806266785
vb0[173]+024 TANGENT: 0.20575971901416779, -0.4845564663410187, 0.8502164483070374, -1.0
vb0[173]+040 BLENDWEIGHTS: 1.0, 0.0, 0.0, 0.0
vb0[173]+056 BLENDINDICES: 1, 0, 0, 0
vb0[173]+072 COLOR: 1.0, 0.5019607843137255, 0.5019607843137255, 0.0
vb0[173]+076 TEXCOORD: 0.48264968395233154, 0.6504999399185181

vb0[174]+000 POSITION: 0.028241928666830063, 1.8338923454284668, 0.0809154286980629
vb0[174]+012 NORMAL: 0.08181239664554596, -0.7016386985778809, 0.707820475101471
vb0[174]+024 TANGENT: 0.11771471053361893, -0.49664127826690674, 0.8599364757537842, -1.0
vb0[174]+040 BLENDWEIGHTS: 1.0, 0.0, 0.0, 0.0
vb0[174]+056 BLENDINDICES: 1, 0, 0, 0
vb0[174]+072 COLOR: 1.0, 0.5019607843137255, 0.5019607843137255, 0.0
vb0[174]+076 TEXCOORD: 0.48351502418518066, 0.6518610119819641

vb0[175]+000 POSITION: 0.027852632105350494, 1.8339660167694092, 0.08099084347486496
vb0[175]+012 NORMAL: -0.06392046064138412, -0.6717777848243713, 0.7379896640777588
vb0[175]+024 TANGENT: 0.03205627575516701, -0.47689345479011536, 0.8783764243125916, -1.0
vb0[175]+040 BLENDWEIGHTS: 1.0, 0.0, 0.0, 0.0
vb0[175]+056 BLENDINDICES: 1, 0, 0, 0
vb0[175]+072 COLOR: 1.0, 0.5019607843137255, 0.5019607843137255, 0.0
vb0[175]+076 TEXCOORD: 0.48391735553741455, 0.6534231305122375

vb0[176]+000 POSITION: 0.02751062996685505, 1.83413565158844, 0.08107677102088928
vb0[176]+012 NORMAL: -0.19346188008785248, -0.5936227440834045, 0.781143069267273
vb0[176]+024 TANGENT: -0.04205787181854248, -0.4270961284637451, 0.9032276272773743, -1.0
vb0[176]+040 BLENDWEIGHTS: 1.0, 0.0, 0.0, 0.0
vb0[176]+056 BLENDINDICES: 1, 0, 0, 0
vb0[176]+072 COLOR: 1.0, 0.5019607843137255, 0.5019607843137255, 0.0
vb0[176]+076 TEXCOORD: 0.48381757736206055, 0.6550321578979492

vb0[177]+000 POSITION: 0.027249392122030258, 1.8343843221664429, 0.08116471767425537
vb0[177]+012 NORMAL: -0.2954094111919403, -0.4710002839565277, 0.8311991095542908
vb0[177]+024 TANGENT: -0.09711386263370514, -0.3529359698295593, 0.9305940270423889, -1.0
vb0[177]+040 BLENDWEIGHTS: 1.0, 0.0, 0.0, 0.0
vb0[177]+056 BLENDINDICES: 1, 0, 0, 0
vb0[177]+072 COLOR: 1.0, 0.5019607843137255, 0.5019607843137255, 0.0
vb0[177]+076 TEXCOORD: 0.48322737216949463, 0.6565297245979309

vb0[178]+000 POSITION: 0.027094479650259018, 1.8346856832504272, 0.08124613761901855
vb0[178]+012 NORMAL: -0.3587278127670288, -0.31101974844932556, 0.8801028728485107
vb0[178]+024 TANGENT: -0.12898637354373932, -0.2608237564563751, 0.9567306637763977, -1.0
vb0[178]+040 BLENDWEIGHTS: 1.0, 0.0, 0.0, 0.0
vb0[178]+056 BLENDINDICES: 1, 0, 0, 0
vb0[178]+072 COLOR: 1.0, 0.5019607843137255, 0.5019607843137255, 0.0
vb0[178]+076 TEXCOORD: 0.4822045564651489, 0.6577697992324829

vb0[179]+000 POSITION: -0.04021751135587692, 1.8348934650421143, 0.07810412347316742
vb0[179]+012 NORMAL: -0.5538482069969177, -0.1773066520690918, 0.8135198354721069
vb0[179]+024 TANGENT: -0.4128507375717163, -0.17979814112186432, 0.8928756713867188, -1.0
vb0[179]+040 BLENDWEIGHTS: 1.0, 0.0, 0.0, 0.0
vb0[179]+056 BLENDINDICES: 0, 0, 0, 0
vb0[179]+072 COLOR: 1.0, 0.5019607843137255, 0.5019607843137255, 0.0
vb0[179]+076 TEXCOORD: 0.48086822032928467, 0.6586675047874451

vb0[180]+000 POSITION: -0.03897625207901001, 1.8349113464355469, 0.0786813274025917
vb0[180]+012 NORMAL: -0.28008130192756653, -0.17838932573795319, 0.9432559609413147
vb0[180]+024 TANGENT: -0.1914205551147461, -0.16880227625370026, 0.966883659362793, -1.0
vb0[180]+040 BLENDWEIGHTS: 1.0, 0.0, 0.0, 0.0
vb0[180]+056 BLENDINDICES: 0, 0, 0, 0
vb0[180]+072 COLOR: 1.0, 0.5019607843137255, 0.5019607843137255, 0.0
vb0[180]+076 TEXCOORD: 0.47880125045776367, 0.6539048552513123

vb0[181]+000 POSITION: -0.040177538990974426, 1.835219383239746, 0.07817203551530838
vb0[181]+012 NORMAL: -0.5499505400657654, -0.0397021509706974, 0.8342530727386475
vb0[181]+024 TANGENT: -0.40971091389656067, -0.09875256568193436, 0.906854510307312, -1.0
vb0[181]+040 BLENDWEIGHTS: 1.0, 0.0, 0.0, 0.0
vb0[181]+056 BLENDINDICES: 0, 0, 0, 0
vb0[181]+072 COLOR: 1.0, 0.5019607843137255, 0.5019607843137255, 0.0
vb0[181]+076 TEXCOORD: 0.47929513454437256, 0.6590730547904968

vb0[182]+000 POSITION: -0.0400175042450428, 1.835517406463623, 0.07825944572687149
vb0[182]+012 NORMAL: -0.5097162127494812, 0.0922621414065361, 0.855381190776825
vb0[182]+024 TANGENT: -0.386011004447937, -0.02146667242050171, 0.9222444295883179, -1.0
vb0[182]+040 BLENDWEIGHTS: 1.0, 0.0, 0.0, 0.0
vb0[182]+056 BLENDINDICES: 0, 0, 0, 0
vb0[182]+072 COLOR: 1.0, 0.5019607843137255, 0.5019607843137255, 0.0
vb0[182]+076 TEXCOORD: 0.47767388820648193, 0.6589727997779846

vb0[183]+000 POSITION: -0.039753079414367676, 1.8357583284378052, 0.07835778594017029
vb0[183]+012 NORMAL: -0.43447843194007874, 0.2051129788160324, 0.8770160675048828
vb0[183]+024 TANGENT: -0.3424514830112457, 0.04444420710206032, 0.9384837746620178, -1.0
vb0[183]+040 BLENDWEIGHTS: 1.0, 0.0, 0.0, 0.0
vb0[183]+056 BLENDINDICES: 0, 0, 0, 0
vb0[183]+072 COLOR: 1.0, 0.5019607843137255, 0.5019607843137255, 0.0
vb0[183]+076 TEXCOORD: 0.47616326808929443, 0.6583762764930725

vb0[184]+000 POSITION: -0.03941015154123306, 1.8359185457229614, 0.07845747470855713
vb0[184]+012 NORMAL: -0.33059099316596985, 0.28545963764190674, 0.8995678424835205
vb0[184]+024 TANGENT: -0.28142061829566956, 0.09101319313049316, 0.9552586674690247, -1.0
vb0[184]+040 BLENDWEIGHTS: 1.0, 0.0, 0.0, 0.0
vb0[184]+056 BLENDINDICES: 0, 0, 0, 0
vb0[184]+072 COLOR: 1.0, 0.5019607843137255, 0.5019607843137255, 0.0
vb0[184]+076 TEXCOORD: 0.4749101400375366, 0.657342255115509

vb0[185]+000 POSITION: -0.03902227804064751, 1.8359826803207397, 0.07854868471622467
vb0[185]+012 NORMAL: -0.20786546170711517, 0.322386771440506, 0.9235035181045532
vb0[185]+024 TANGENT: -0.20923294126987457, 0.11130321770906448, 0.9715107679367065, -1.0
vb0[185]+040 BLENDWEIGHTS: 1.0, 0.0, 0.0, 0.0
vb0[185]+056 BLENDINDICES: 0, 0, 0, 0
vb0[185]+072 COLOR: 1.0, 0.5019607843137255, 0.5019607843137255, 0.0
vb0[185]+076 TEXCOORD: 0.4740384817123413, 0.6559715867042542

vb0[186]+000 POSITION: -0.03862742707133293, 1.8359438180923462, 0.07862251251935959
vb0[186]+012 NORMAL: -0.07908117026090622, 0.3094201385974884, 0.9476314783096313
vb0[186]+024 TANGENT: -0.13387787342071533, 0.10137676447629929, 0.9857988357543945, -1.0
vb0[186]+040 BLENDWEIGHTS: 1.0, 0.0, 0.0, 0.0
vb0[186]+056 BLENDINDICES: 0, 0, 0, 0
vb0[186]+072 COLOR: 1.0, 0.5019607843137255, 0.5019607843137255, 0.0
vb0[186]+076 TEXCOORD: 0.47363317012786865, 0.6543987393379211

vb0[187]+000 POSITION: -0.03826424852013588, 1.8358063697814941, 0.07867170125246048
vb0[187]+012 NORMAL: 0.041151054203510284, 0.24601207673549652, 0.9683928489685059
vb0[187]+024 TANGENT: -0.06478226184844971, 0.06224595755338669, 0.9959561228752136, -1.0
vb0[187]+040 BLENDWEIGHTS: 1.0, 0.0, 0.0, 0.0
vb0[187]+056 BLENDINDICES: 0, 0, 0, 0
vb0[187]+072 COLOR: 1.0, 0.5019607843137255, 0.5019607843137255, 0.0
vb0[187]+076 TEXCOORD: 0.4737333059310913, 0.6527774930000305

vb0[188]+000 POSITION: -0.03796830400824547, 1.8355834484100342, 0.0786915123462677
vb0[188]+012 NORMAL: 0.1388753354549408, 0.1387532353401184, 0.9805412888526917
vb0[188]+024 TANGENT: -0.009602786973118782, 0.0, 0.9999538660049438, -1.0
vb0[188]+040 BLENDWEIGHTS: 1.0, 0.0, 0.0, 0.0
vb0[188]+056 BLENDINDICES: 0, 0, 0, 0
vb0[188]+072 COLOR: 1.0, 0.5019607843137255, 0.5019607843137255, 0.0
vb0[188]+076 TEXCOORD: 0.4743298292160034, 0.6512665152549744

vb0[189]+000 POSITION: -0.03776855766773224, 1.8352972269058228, 0.07867996394634247
vb0[189]+012 NORMAL: 0.20300079882144928, 0.0010187920415773988, 0.9791780710220337
vb0[189]+024 TANGENT: 0.02646547555923462, -0.07927929610013962, 0.996501088142395, -1.0
vb0[189]+040 BLENDWEIGHTS: 1.0, 0.0, 0.0, 0.0
vb0[189]+056 BLENDINDICES: 0, 0, 0, 0
vb0[189]+072 COLOR: 1.0, 0.5019607843137255, 0.5019607843137255, 0.0
vb0[189]+076 TEXCOORD: 0.4753636121749878, 0.6500138640403748

vb0[190]+000 POSITION: -0.03768456354737282, 1.834975242614746, 0.07863819599151611
vb0[190]+012 NORMAL: 0.22721229493618011, -0.1498623937368393, 0.9622452855110168
vb0[190]+024 TANGENT: 0.04104125499725342, -0.16457897424697876, 0.9855096936225891, -1.0
vb0[190]+040 BLENDWEIGHTS: 1.0, 0.0, 0.0, 0.0
vb0[190]+056 BLENDINDICES: 0, 0, 0, 0
vb0[190]+072 COLOR: 1.0, 0.5019607843137255, 0.5019607843137255, 0.0
vb0[190]+076 TEXCOORD: 0.4767345190048218, 0.6491420865058899

vb0[191]+000 POSITION: -0.03772454336285591, 1.8346493244171143, 0.07857029139995575
vb0[191]+012 NORMAL: 0.21051998436450958, -0.29656946659088135, 0.9315192103385925
vb0[191]+024 TANGENT: 0.03379357233643532, -0.24890869855880737, 0.9679372906684875, -1.0
vb0[191]+040 BLENDWEIGHTS: 1.0, 0.0, 0.0, 0.0
vb0[191]+056 BLENDINDICES: 0, 0, 0, 0
vb0[191]+072 COLOR: 1.0, 0.5019607843137255, 0.5019607843137255, 0.0
vb0[191]+076 TEXCOORD: 0.4783076047897339, 0.6487365365028381

vb0[192]+000 POSITION: -0.03788457810878754, 1.8343513011932373, 0.07848288118839264
vb0[192]+012 NORMAL: 0.15641507506370544, -0.42416396737098694, 0.8919748663902283
vb0[192]+024 TANGENT: 0.0054649109952151775, -0.3247469663619995, 0.9457851052284241, -1.0
vb0[192]+040 BLENDWEIGHTS: 1.0, 0.0, 0.0, 0.0
vb0[192]+056 BLENDINDICES: 0, 0, 0, 0
vb0[192]+072 COLOR: 1.0, 0.5019607843137255, 0.5019607843137255, 0.0
vb0[192]+076 TEXCOORD: 0.4799283742904663, 0.6488367915153503

vb0[193]+000 POSITION: -0.03814899921417236, 1.8341103792190552, 0.07838454842567444
vb0[193]+012 NORMAL: 0.07193341106176376, -0.521122395992279, 0.8504451513290405
vb0[193]+024 TANGENT: -0.04172193631529808, -0.3849192261695862, 0.9220067262649536, -1.0
vb0[193]+040 BLENDWEIGHTS: 1.0, 0.0, 0.0, 0.0
vb0[193]+056 BLENDINDICES: 0, 0, 0, 0
vb0[193]+072 COLOR: 1.0, 0.5019607843137255, 0.5019607843137255, 0.0
vb0[193]+076 TEXCOORD: 0.481439471244812, 0.6494331955909729

vb0[194]+000 POSITION: -0.038491927087306976, 1.833950161933899, 0.0782848447561264
vb0[194]+012 NORMAL: -0.033216942101716995, -0.5798331499099731, 0.8140578269958496
vb0[194]+024 TANGENT: -0.10314345359802246, -0.4232929050922394, 0.9001024961471558, -1.0
vb0[194]+040 BLENDWEIGHTS: 1.0, 0.0, 0.0, 0.0
vb0[194]+056 BLENDINDICES: 0, 0, 0, 0
vb0[194]+072 COLOR: 1.0, 0.5019607843137255, 0.5019607843137255, 0.0
vb0[194]+076 TEXCOORD: 0.4826921224594116, 0.6504673361778259

vb0[195]+000 POSITION: -0.03887980431318283, 1.8338860273361206, 0.07819364219903946
vb0[195]+012 NORMAL: -0.1489812433719635, -0.5978134870529175, 0.7876696586608887
vb0[195]+024 TANGENT: -0.17276190221309662, -0.4362858533859253, 0.8830673098564148, -1.0
vb0[195]+040 BLENDWEIGHTS: 1.0, 0.0, 0.0, 0.0
vb0[195]+056 BLENDINDICES: 0, 0, 0, 0
vb0[195]+072 COLOR: 1.0, 0.5019607843137255, 0.5019607843137255, 0.0
vb0[195]+076 TEXCOORD: 0.48356378078460693, 0.6518380045890808

vb0[196]+000 POSITION: -0.039274655282497406, 1.8339247703552246, 0.07811981439590454
vb0[196]+012 NORMAL: -0.2651382386684418, -0.5758240222930908, 0.773387610912323
vb0[196]+024 TANGENT: -0.24328027665615082, -0.42317602038383484, 0.8727752566337585, -1.0
vb0[196]+040 BLENDWEIGHTS: 1.0, 0.0, 0.0, 0.0
vb0[196]+056 BLENDINDICES: 0, 0, 0, 0
vb0[196]+072 COLOR: 1.0, 0.5019607843137255, 0.5019607843137255, 0.0
vb0[196]+076 TEXCOORD: 0.4839695692062378, 0.6534109711647034

vb0[197]+000 POSITION: -0.03963783010840416, 1.8340623378753662, 0.07807062566280365
vb0[197]+012 NORMAL: -0.3717925548553467, -0.5165046453475952, 0.7713580131530762
vb0[197]+024 TANGENT: -0.3074352443218231, -0.3858189284801483, 0.8698432445526123, -1.0
vb0[197]+040 BLENDWEIGHTS: 1.0, 0.0, 0.0, 0.0
vb0[197]+056 BLENDINDICES: 0, 0, 0, 0
vb0[197]+072 COLOR: 1.0, 0.5019607843137255, 0.5019607843137255, 0.0
vb0[197]+076 TEXCOORD: 0.48386943340301514, 0.655032217502594

vb0[198]+000 POSITION: -0.03993377462029457, 1.8342852592468262, 0.07805080711841583
vb0[198]+012 NORMAL: -0.46015307307243347, -0.42514821887016296, 0.7794280648231506
vb0[198]+024 TANGENT: -0.3594859540462494, -0.32904455065727234, 0.8732121586799622, -1.0
vb0[198]+040 BLENDWEIGHTS: 1.0, 0.0, 0.0, 0.0
vb0[198]+056 BLENDINDICES: 0, 0, 0, 0
vb0[198]+072 COLOR: 1.0, 0.5019607843137255, 0.5019607843137255, 0.0
vb0[198]+076 TEXCOORD: 0.483272910118103, 0.656542956829071

vb0[199]+000 POSITION: -0.0401335172355175, 1.8345714807510376, 0.07806236296892166
vb0[199]+012 NORMAL: -0.5227897763252258, -0.30915284156799316, 0.794427752494812
vb0[199]+024 TANGENT: -0.3954971432685852, -0.25845280289649963, 0.8813536763191223, -1.0
vb0[199]+040 BLENDWEIGHTS: 1.0, 0.0, 0.0, 0.0
vb0[199]+056 BLENDINDICES: 0, 0, 0, 0
vb0[199]+072 COLOR: 1.0, 0.5019607843137255, 0.5019607843137255, 0.0
vb0[199]+076 TEXCOORD: 0.48223865032196045, 0.6577957272529602
