byte offset: 0
first index: 109416
index count: 2595
topology: trianglelist
format: DXGI_FORMAT_R16_UINT

18645 18647 18646
35186 18648 35187
18650 18651 18649
18652 35188 35189
35190 35191 35192
18654 18653 18655
35193 35194 18656
35195 35196 35197
18650 18657 18651
35198 35199 35200
35201 35202 35203
18654 18655 18658
18670 18668 18671
18668 18670 18669
18672 18674 18673
18677 18675 18678
18675 18677 18676
18679 18681 18680
18681 18682 18680
18682 18681 18683
18683 18684 18682
18684 18683 18685
18685 18678 18684
18678 18685 18677
18688 18686 18689
18686 18688 18687
18692 18690 18693
18690 18692 18691
18694 18696 18695
18699 18697 18700
18697 18699 18698
18701 18700 18702
18700 18701 18699
18703 18705 18704
18707 18694 18695
18694 18707 18706
18671 18708 18709
18708 18671 18668
18690 18711 18675
18711 18690 18710
18691 18710 18690
18710 18691 18712
18713 18689 18714
18689 18713 18688
18714 18716 18715
18714 18689 18716
18689 18694 18716
18694 18689 18686
18717 18718 18679
18719 18721 18720
18668 18722 18720
18719 18724 18723
18721 18725 18720
18728 18726 18729
18726 18728 18727
18728 18731 18730
18731 18728 18729
18671 18726 18670
18726 18671 18729
18727 18733 18732
18733 18727 18728
18728 18734 18733
18734 18728 18730
18709 18729 18671
18729 18709 18731
18724 18720 18722
18723 35204 18735
18736 18719 18735
18725 18668 18720
18719 18736 18721
18672 18673 18732
18732 18737 18672
18737 18732 18733
18733 18738 18737
18738 18733 18734
18739 18740 18674
18741 18742 18740
18743 18739 18744
18739 18743 18706
18745 18744 18746
18744 18745 18743
18739 18674 18672
18715 18743 18745
18746 18737 18738
18737 18746 18744
18716 18706 18743
18672 18744 18739
18744 18672 18737
18715 18716 18743
18716 18694 18706
18706 18741 18739
18741 18706 18707
18702 18704 18701
18704 18702 18703
18687 18691 18692
18691 18687 18688
18688 18712 18691
18712 18688 18713
18678 18747 18684
18747 18678 18748
18690 18676 18693
18676 18690 18675
18748 18675 18711
18675 18748 18678
18684 18749 18682
18749 18684 18747
18682 18750 18680
18750 18682 18749
18679 18750 18717
18750 18679 18680
18751 35205 35206
35205 18751 18752
35207 18754 35208
18754 35207 18753
18755 35209 35210
35209 18755 18756
18757 35211 35212
35211 18757 18758
18758 35213 35211
35213 18758 18759
18759 35214 35213
35214 18759 18760
18760 35210 35214
35210 18760 18755
18762 35215 35216
35215 18762 18761
18763 35217 35218
35217 18763 18764
18765 35219 35220
35219 18765 18776
18766 35221 35222
35221 18766 18767
18769 35220 35223
35220 18769 18765
18767 35224 35221
35224 18767 18768
35225 18769 35223
18769 35225 18771
18768 35226 35224
35226 18768 18770
35227 18774 35228
18774 35227 18773
18772 35229 35230
35229 18772 35231
18776 35232 35219
35232 18776 18777
35233 18794 35234
18794 35233 18795
35235 18779 35236
18779 35235 18778
35237 18778 35235
18778 35237 18780
35238 18781 35239
18781 35238 18659
35240 35241 18660
35241 35240 35242
35215 18775 35243
18775 35215 18761
35244 18757 35212
18757 35244 18783
18782 35245 35246
35245 18782 35247
18752 18796 35205
18796 18752 35248
18665 35249 35250
35249 18665 35251
35252 18663 35253
18663 35252 18664
18784 35206 35254
35206 18784 18751
18786 35255 35256
35255 18786 18785
35253 18666 35257
18666 35253 18663
35234 18664 35252
18664 35234 18794
35258 18798 18797
18798 35258 35259
18796 35258 18797
35258 18796 35248
35260 18798 35259
35261 35262 35263
35262 35261 35264
18725 35265 18708
35265 18725 35266
35263 35250 35249
35250 35263 35262
18754 35256 35208
35256 18754 18786
35257 18667 35267
18667 35257 18666
35268 18753 35207
18753 35268 18787
35269 18787 35268
18787 35269 18789
18788 35270 35271
35270 18788 35272
35273 18661 35274
18661 35273 18662
35274 18660 35241
18660 35274 18661
35267 18662 35273
18662 35267 18667
18777 35271 35232
35271 18777 18788
35226 18772 35230
18772 35226 18770
18774 35225 35228
35225 18774 18771
18764 35216 35217
35216 18764 18762
35239 18780 35237
18780 35239 18781
35275 18790 35276
18790 35275 18791
18756 35218 35209
35218 18756 18763
35236 18791 35275
18791 35236 18779
35276 18792 35277
18792 35276 18790
35277 18793 35278
18793 35277 18792
35278 18782 35246
18782 35278 18793
35264 35261 35279
18735 35204 35280
35281 35222 35282
35222 35281 18766
18696 18698 18695
18725 18708 18668
35283 35204 18723
35284 35283 18723
18723 35285 35284
35285 18723 18724
35286 18724 18722
18724 35286 35285
18669 35286 18722
18723 18735 18719
18720 18724 18719
18668 18669 18722
18696 18697 18698
35254 18785 18784
18785 35254 35255
18741 18740 18739
18802 35287 35288
35287 18802 35289
35290 18802 35288
18802 35290 18803
35291 18803 35290
18803 35291 18804
18805 35291 35292
35291 18805 18804
18807 35293 18801
35293 18807 18806
18806 35292 35293
35292 18806 18805
18808 18801 18800
18801 18808 18807
18809 18800 18799
18800 18809 18808
18810 18809 18799
18810 35294 18811
35295 35296 35294
35295 35297 35296
35297 35298 35296
35298 35299 35300
35299 35298 35297
35300 35301 35302
35301 35300 35299
35302 35303 35304
35303 35302 35301
35303 35305 35304
18813 35306 35307
35306 18813 18812
18812 35308 35306
35308 18812 18811
18814 35307 35309
35307 18814 18813
18814 35310 18815
35310 18814 35309
18815 35311 18816
35311 18815 35310
18816 35312 18817
35312 18816 35311
18817 35313 18818
35313 18817 35312
35313 35314 18818
35315 35316 35317
35316 35315 35314
35316 35318 35317
35295 18799 35319
18799 35320 35319
35320 18799 18800
35321 35322 18800
35293 35323 18801
35323 35321 18801
18801 35321 18800
35322 35324 35320
35322 35320 18800
18803 35325 18802
35325 18803 35326
18804 35326 18803
35326 18804 35327
18805 35327 18804
35327 18805 35328
18805 35329 35328
35329 18805 18806
18806 35330 35329
35330 18806 18807
18807 35331 35330
35331 18807 18808
18808 35332 35331
35332 18808 18809
18809 35333 35332
35333 18809 18810
18810 35334 35333
35334 18810 18811
35335 18811 18812
18811 35335 35334
18812 35336 35335
35336 18812 18813
18813 35337 35336
35337 18813 18814
18814 35338 35337
35338 18814 18815
18815 35339 35338
35339 18815 18816
18816 35340 35339
35340 18816 18817
18817 35341 35340
35341 18817 18818
18818 35315 35341
35315 18818 35314
35294 18810 18799
35295 35294 18799
35294 35308 18811
35287 35342 35288
18997 18819 18821
18822 18824 18823
18823 18825 18822
18826 18828 18827
18829 18831 18830
18832 18829 18833
18835 18837 18836
18837 18835 18834
18831 18834 18838
18839 18841 18840
18842 18843 18824
18820 18821 18844
18829 18832 18845
18845 18828 18829
18832 18833 18844
18845 18846 18828
18847 18819 18996
18996 18849 18848
18850 18842 18851
18851 18849 18850
18852 18854 18853
18844 18833 18820
18855 18857 18856
18858 18860 18859
18862 18864 18863
18864 18862 18861
18861 18866 18864
18866 18861 18865
18865 18868 18866
18868 18865 18867
18840 18868 18867
35343 18869 35344
18824 18870 18842
18871 18852 18853
18821 18820 18997
18855 18905 18820
18843 18850 18872
18907 18849 18906
18874 18861 18862
18861 18874 18873
18877 18875 18878
18875 18877 18876
18876 18863 18875
18863 18876 18862
18874 18836 18837
18836 18874 18862
18873 18865 18861
18865 18873 18879
18879 18867 18865
18867 18879 18880
18840 18880 18839
18880 18840 18867
18881 18882 18909
18882 18881 18871
18909 18883 18881
18883 18909 18908
18884 18883 18908
18911 35345 35346
35345 18911 18910
18885 18912 35347
18912 18885 18913
18886 35348 35349
35348 18886 18914
18915 35350 35351
35350 18915 35352
35353 18916 35354
18916 35353 18917
35355 18918 35356
18918 35355 18919
18921 35357 35358
35357 18921 18920
35356 18922 35359
18922 35356 18918
35360 18923 35361
18923 35360 18924
35359 18924 35360
18924 35359 18922
35362 18925 35363
18925 35362 18926
18927 35364 35365
35364 18927 35366
35354 18928 35367
18928 35354 18916
18910 35368 35345
35368 18910 18929
18931 35369 35370
35369 18931 18930
18932 35370 35371
35370 18932 18931
18929 35371 35368
35371 18929 18932
18930 35372 35369
35372 18930 35373
18933 35346 35374
35346 18933 18911
18934 35374 35375
35374 18934 18933
18935 35375 35376
35375 18935 18934
18937 35377 35378
35377 18937 18936
18938 35378 35379
35378 18938 18937
18940 35380 35381
35380 18940 18939
18941 35381 35382
35381 18941 18940
18942 35382 35383
35382 18942 18941
18925 35383 35363
35383 18925 18942
35384 18943 35385
18943 35384 18944
18946 35386 18887
35386 18946 18945
18947 35387 35388
18936 35389 35377
35389 18936 18948
18947 18887 35387
18887 18947 18946
35390 18944 35384
18944 35390 18949
35391 18949 35390
18949 35391 18950
35392 18951 35393
18951 35392 18952
18953 35379 35394
35379 18953 18938
18939 35394 35380
35394 18939 18953
35361 18952 35392
18952 35361 18923
35393 18954 35395
18954 35393 18951
35395 18955 35396
18955 35395 18954
35396 18927 35365
18927 35396 18955
35397 18950 35391
18950 35397 18956
35398 18956 35397
18956 35398 18957
18945 35398 35386
35398 18945 18957
18888 18958 18882
18959 18958 18888
18907 18959 18889
18849 18907 18890
35399 35400 18891
35401 18891 35400
18891 35401 18892
18894 18895 35402
18895 18894 18893
18894 35402 35403
18871 18853 18882
18882 18958 18909
35404 18895 18893
18895 35404 35405
18850 18843 18842
18854 18852 18872
18852 18843 18872
35406 35407 35408
35409 35408 35407
35408 35409 35410
35411 35412 35413
35412 35411 35414
35415 35413 35412
35413 35415 35416
35416 35415 35417
18907 18889 18890
18959 35418 18889
35418 18959 18888
35419 35420 35421
18897 18896 18898
18896 18897 35422
18900 18898 18896
18898 18900 18899
18901 35423 18902
35423 18901 35424
35425 18902 35423
35426 35427 35428
35426 35429 35427
35429 35426 35430
35431 35432 35433
35432 35431 35434
35435 35433 35436
35433 35435 35431
18820 18857 18855
35437 35430 18903
35430 35437 35429
35438 35424 18901
35424 35438 35439
18831 35440 35441
18834 18835 18838
18858 18859 35442
35443 35432 35434
18899 18900 35444
18831 18838 35440
35422 35420 35419
35420 35422 18897
18869 35436 35344
35436 18869 35435
18877 18878 35442
18878 18858 35442
18860 18858 18856
18858 18855 18856
18829 18830 18833
18831 35441 18830
18884 18908 18960
35445 18960 35446
18960 35445 18884
35446 35447 35445
18943 35351 35385
35351 18943 18915
18825 35448 35449
35448 18825 18823
18919 35450 35451
35450 18919 35355
18917 35347 18912
35347 18917 35353
18824 18822 18870
18935 35367 18928
35367 18935 35376
18851 18848 18849
18828 18846 18827
18905 18961 18904
18962 18904 18961
18904 18962 18906
18963 18906 18962
18906 18963 18907
18908 18965 18964
18965 18908 18909
18966 18959 18967
18959 18966 18958
18967 18907 18963
18907 18967 18959
18965 18958 18966
18958 18965 18909
18960 18964 18968
18964 18960 18908
35452 35453 18969
35453 35452 35454
35455 18969 18970
18969 35455 35452
35456 35457 18971
35457 35456 35458
35459 18973 18972
18973 35459 35460
35461 18975 18974
18975 35461 35462
35463 18971 35464
18971 35463 35456
35465 18974 35466
18974 35465 35461
35467 35468 18976
35468 35467 35469
35470 35471 19000
35472 35473 35474
35475 35476 35477
35475 35478 35476
18983 35479 35480
35479 18983 18982
18983 35480 35481
18989 35482 18990
35482 18989 35483
35484 35485 35486
18990 35487 18991
35487 18990 35482
18991 35488 18992
35488 18991 35487
35489 35490 35491
18993 35492 18994
35492 18993 35493
18992 35493 18993
35493 18992 35488
18994 35494 18995
35494 18994 35492
35494 35495 18995
35496 35497 35498
35497 35496 35495
35497 35499 35498
35489 35484 35490
35484 35500 35490
35484 35486 35500
35501 35502 35503
35478 35501 35476
35501 35503 35476
35504 35502 35505
35502 35504 35503
18982 35506 35479
35506 18982 18981
35507 35508 18977
35509 18977 35510
18977 35509 18978
18979 35509 35511
35509 18979 18978
18981 35512 35506
35512 18981 18980
18980 35511 35512
35511 18980 18979
35513 35507 18977
18978 35513 18977
35513 18978 35514
18986 35514 18978
35514 18986 35515
18985 35515 18986
35515 18985 35516
18984 35516 18985
35516 18984 35477
18982 18998 18987
18998 18982 18983
18983 35481 18999
35517 35475 18984
35517 18984 18987
18984 18980 18981
18980 18984 18985
18985 18979 18980
18979 18985 18986
18978 18979 18986
35518 35517 18987
35475 35477 18984
35508 35510 18977
35472 35519 35473
18981 18982 18987
18984 18981 18987
18999 35481 18988
35483 18989 18988
18999 18988 35520
35520 18988 35521
18989 35521 18988
35489 18990 35522
18990 35489 18989
35522 18991 35523
18991 35522 18990
18991 35524 35523
35524 18991 18992
35524 18993 35525
18993 35524 18992
35525 18994 35526
18994 35525 18993
35526 18995 35527
18995 35526 18994
35527 35495 35496
35495 35527 18995
35481 35483 18988
18989 35489 35491
18989 35491 35521
18906 18849 18996
18997 18904 18996
18905 18904 18997
18820 18905 18997
18906 18996 18904
18998 35518 18987
35528 35518 18998
35529 18998 18999
35520 35529 18999
35529 35528 18998
18998 18983 18999
18819 18997 18996
18847 18996 18848
35508 35530 35474
35530 35508 35507
35471 35531 19000
35531 35471 35532
35446 18968 35533
18968 35446 18960
35472 35474 35530
19001 19003 19002
19004 19006 19005
19007 19008 35534
35535 35536 35537
35538 19010 19009
35538 19009 19001
35534 19008 19011
19012 19007 35539
19013 35540 35541
19014 19016 19015
35542 35543 35544
35545 35546 35547
35548 35549 35550
35548 19013 35549
35542 35551 35543
35552 35553 35544
35534 19011 35554
35542 35555 35551
35556 35557 19017
35558 35559 19018
35560 35561 19019
35562 35563 35564
35565 19021 19020
35565 35556 19021
35561 19023 19022
35566 35560 19019
35567 35568 35569
35570 19024 35571
35572 35573 35574
35575 35576 35577
35578 35579 35580
35578 35580 35567
35574 35573 35581
35582 35572 35583
35561 35584 19023
35574 35581 35585
35553 35542 35544
35583 35572 35574
35539 19007 35534
35561 19022 19019
35556 19017 19021
19009 19003 19001
19013 35541 35549
35580 35568 35567
19026 19028 19027
19028 19026 19025
19030 19032 19031
19032 19030 19029
35586 19033 19034
19033 35586 35587
35588 19074 35589
19074 35588 19075
19073 35590 35591
35590 19073 35592
19036 19037 35593
35594 35588 35595
35596 35597 35598
35597 35596 19038
35599 35600 35601
35600 35599 19039
35602 35603 35604
35605 35606 35607
35602 35604 35608
19040 35609 19041
35609 19040 35610
19043 35611 35612
35611 19043 19042
35613 19044 35614
19044 35613 19045
19076 35615 35616
35615 19076 35617
35618 35619 35620
35619 35618 35621
35622 35623 35624
35625 35626 35615
35627 35628 19046
35628 35627 35629
35630 35631 35632
35631 35630 35633
35634 35635 35636
35637 35607 35606
35634 35638 35635
35639 19048 19047
19048 35639 35640
19050 19052 19051
19052 19050 19049
35641 35642 35643
35642 35641 19053
19080 35644 35645
35644 19080 19079
35646 19077 35647
19077 35646 35648
19055 35649 19056
35650 35651 35644
35652 35653 35654
35653 35652 35655
35656 35657 35658
35657 35656 35659
35660 35661 35662
35663 35664 35665
35660 35666 35661
35667 35668 19057
35668 35667 35669
35670 19059 35671
19059 35670 19058
35672 35673 19060
35673 35672 35674
35675 19078 35676
19078 35675 35677
35678 35679 35680
35679 35678 35681
35682 35683 35684
35685 35675 35686
35687 35688 35689
35688 35687 35690
35691 35692 35693
35692 35691 35694
35695 35696 35697
35698 35665 35664
35695 35697 35699
35700 19062 19061
19062 35700 35701
19064 35702 35703
35702 19064 19063
35704 19065 35705
19065 35704 35706
19066 35707 35708
35707 19066 35709
19067 35710 19068
35710 19067 35711
35712 35713 35714
35713 35712 35715
19069 35716 35717
35716 19069 35718
35719 35720 35721
35720 35719 35722
19070 35723 35724
35723 19070 35725
19071 35726 35727
35726 19071 35728
35729 35730 35731
35730 35729 35732
35733 35734 35735
35734 35733 35736
35737 19072 35738
19072 35737 35739
35740 35741 35742
35741 35740 35743
35744 35745 35746
35745 35744 35747
35748 35749 35750
35749 35748 35751
35752 19035 35753
35754 35755 35756
35757 35758 35759
35760 35761 35762
35763 19054 35764
35765 35766 35767
35768 35769 35770
35771 35772 35773
