byte offset: 0
first index: 0
index count: 2214
topology: trianglelist
format: DXGI_FORMAT_R16_UINT

0 1 2
1 3 2
3 1 4
4 5 3
5 4 6
6 7 5
7 6 8
9 7 8
7 9 10
11 10 9
12 11 9
12 13 11
14 13 12
14 15 13
15 14 16
16 17 15
17 16 18
18 19 17
19 18 20
21 14 12
22 21 12
22 23 21
22 24 23
24 25 23
26 25 24
25 26 27
20 28 19
28 20 29
29 30 28
30 29 31
32 30 31
33 27 26
27 33 34
33 35 34
35 33 36
37 35 36
38 39 40
41 40 39
40 41 42
43 42 41
42 43 44
45 44 43
44 45 46
47 46 45
46 47 48
49 48 47
48 49 50
51 50 49
51 52 50
52 51 53
52 53 54
53 55 54
55 53 56
57 55 56
55 57 58
51 49 59
60 58 57
58 60 61
62 61 60
61 62 63
64 63 62
65 59 66
67 59 65
68 65 66
68 66 69
69 70 68
70 69 71
71 72 70
72 71 73
74 72 73
72 74 75
76 75 74
77 78 79
78 77 80
77 81 80
81 77 82
78 83 79
83 78 84
85 83 84
83 85 86
87 86 85
86 87 88
89 88 87
88 89 90
89 91 90
91 89 92
93 94 95
94 93 96
93 97 96
97 93 98
98 99 97
99 98 100
100 101 99
101 100 102
102 103 101
103 102 104
105 103 104
103 105 106
107 108 109
108 107 110
111 108 110
108 111 112
113 112 111
112 113 114
115 114 113
114 115 116
117 116 115
116 117 118
117 119 118
119 117 120
121 122 123
122 121 124
121 125 124
125 121 126
126 127 125
127 126 128
128 129 127
129 128 130
130 131 129
131 130 132
133 131 132
131 133 134
135 136 137
136 135 138
139 135 137
135 139 140
141 140 139
140 141 142
143 142 141
142 143 144
145 144 143
144 145 146
145 147 146
147 145 148
149 150 151
150 149 152
153 150 152
150 153 154
151 155 149
155 151 156
156 157 155
157 156 158
158 159 157
159 158 160
161 159 160
159 161 162
163 162 161
162 163 164
165 166 167
166 165 168
168 169 166
169 168 170
171 169 170
169 171 172
171 173 172
173 171 174
175 173 174
173 175 176
177 176 175
176 177 178
179 171 170
171 179 180
180 179 181
171 180 182
182 174 171
182 180 183
180 181 183
183 181 184
184 181 185
185 181 186
181 179 186
174 182 187
187 175 174
187 182 188
188 182 183
188 183 189
189 183 184
190 187 188
190 191 187
192 191 190
193 192 190
194 193 190
194 190 188
194 188 189
192 195 191
196 193 194
196 194 197
194 189 197
193 198 192
195 192 198
199 198 193
196 199 193
189 200 197
189 184 200
184 201 200
200 201 202
203 197 200
197 203 196
199 196 204
203 204 196
204 203 205
205 203 206
206 203 200
200 202 206
207 199 204
208 204 205
207 204 208
208 205 209
210 209 205
211 209 210
209 211 212
213 212 211
214 209 212
214 208 209
215 208 214
207 208 215
216 214 212
216 217 214
217 215 214
217 218 215
219 217 216
219 216 220
221 220 216
212 221 216
213 221 212
221 213 222
215 218 223
224 217 219
217 224 218
221 225 220
221 222 225
226 213 211
213 226 227
213 227 222
228 227 226
227 229 222
229 227 230
227 228 230
231 230 228
220 225 232
232 225 233
225 222 233
229 233 222
234 232 233
235 234 233
229 235 233
235 229 236
229 230 236
235 236 237
238 237 236
239 236 230
236 239 238
231 239 230
240 238 239
239 241 240
241 239 231
231 242 241
243 240 241
241 244 243
241 242 244
245 243 244
244 246 245
244 247 246
247 244 242
234 235 248
249 234 248
250 249 248
251 249 250
252 251 250
253 251 252
254 253 252
255 253 254
256 255 254
257 255 256
258 257 256
255 257 259
260 257 258
260 258 261
257 260 262
259 257 262
263 260 261
264 260 263
264 262 260
263 261 265
265 266 263
266 265 267
263 266 268
264 263 268
223 262 264
218 262 223
218 259 262
224 259 218
264 268 198
198 269 264
269 223 264
207 223 269
199 269 198
199 207 269
198 268 195
270 195 268
267 270 266
268 266 270
215 223 207
270 271 195
272 271 270
270 267 272
271 272 273
195 271 177
273 177 271
177 191 195
177 273 178
191 177 175
175 187 191
274 273 272
273 274 275
275 178 273
176 178 275
275 276 176
277 276 275
276 277 278
176 276 173
276 279 173
276 280 279
276 278 280
279 172 173
172 279 281
279 282 281
279 280 282
283 281 282
281 283 284
285 284 283
284 285 286
287 286 285
286 287 288
169 281 284
281 169 172
166 284 286
284 166 169
288 166 286
166 288 167
289 167 288
167 289 290
167 290 165
290 291 165
292 165 291
186 165 292
185 186 292
293 185 292
293 292 294
293 294 295
295 296 293
296 185 293
296 295 297
296 297 201
295 298 297
298 295 299
295 294 299
202 201 297
297 300 202
202 300 301
202 301 302
302 301 303
304 302 303
305 304 303
210 304 305
210 306 304
306 302 304
206 302 306
206 202 302
210 305 307
306 210 205
206 306 205
303 308 305
309 305 308
305 309 307
309 226 307
303 310 308
308 311 309
210 307 211
226 211 307
311 308 312
308 310 312
310 313 312
313 314 312
314 315 312
311 312 315
311 315 316
316 309 311
316 228 309
228 226 309
315 314 242
316 315 242
316 242 231
316 231 228
314 247 242
247 314 317
317 314 313
247 317 246
318 317 313
246 317 318
318 313 319
310 319 313
246 318 320
320 318 321
321 318 319
321 319 322
323 322 319
323 324 322
301 324 323
301 300 324
320 321 325
325 321 326
326 321 322
322 327 326
324 327 322
328 320 325
246 320 328
245 246 328
327 324 329
300 329 324
300 297 329
330 328 325
330 325 331
325 326 331
331 326 332
327 332 326
333 332 327
327 329 333
329 298 333
297 298 329
301 323 303
330 331 334
335 331 332
331 335 334
335 336 334
335 337 336
337 338 336
338 337 339
340 338 339
341 340 339
341 342 340
291 342 341
337 343 339
344 339 343
344 341 339
299 344 343
299 294 344
344 294 345
341 344 345
291 341 345
345 294 292
291 345 292
299 343 346
347 346 343
337 347 343
299 346 298
347 337 335
298 346 333
347 333 346
333 347 332
347 335 332
291 290 342
289 342 290
342 289 348
349 348 289
348 349 350
350 351 348
351 350 352
340 348 351
348 340 342
351 338 340
338 351 353
352 353 351
353 336 338
336 353 354
353 355 354
353 352 355
334 336 354
288 349 289
349 288 287
355 356 354
357 354 356
354 357 334
357 330 334
330 357 358
358 328 330
358 357 359
356 359 357
359 360 358
361 358 360
358 361 328
360 362 361
245 328 361
361 363 245
362 363 361
243 245 363
363 364 243
365 364 363
363 362 365
364 365 366
240 243 364
364 367 240
364 366 367
238 240 367
366 368 367
367 368 238
238 368 369
368 370 369
366 370 368
369 237 238
371 237 369
237 371 235
235 371 248
370 372 369
369 373 371
248 371 373
248 373 374
369 375 373
369 372 375
376 373 375
373 376 374
376 377 374
377 250 374
250 248 374
377 376 378
378 379 377
377 379 252
377 252 250
254 252 379
379 378 380
381 254 379
381 379 380
256 254 381
380 382 381
256 381 383
383 381 382
382 384 383
258 256 383
258 383 385
385 383 384
258 385 386
384 387 385
386 385 387
386 387 388
389 386 388
261 386 389
386 261 258
389 265 261
265 389 390
389 388 391
389 391 390
391 392 390
390 392 393
267 390 393
390 267 265
393 272 267
272 393 274
393 394 274
392 394 393
394 395 274
395 275 274
395 277 275
396 397 251
219 397 396
396 251 253
398 396 253
219 396 398
224 219 398
224 398 259
219 220 397
398 253 255
398 255 259
220 232 397
397 232 249
397 249 251
234 249 232
186 170 168
170 186 179
186 168 165
201 184 296
296 184 185
310 323 319
303 323 310
399 400 401
400 399 402
403 400 402
400 403 404
400 404 405
400 405 406
407 400 406
408 400 407
400 408 409
410 400 409
400 410 411
400 411 412
413 400 412
400 413 414
400 414 415
400 415 416
400 417 401
417 400 418
418 400 419
400 420 419
420 400 421
421 400 422
400 423 422
400 424 423
400 425 424
400 426 425
426 400 427
400 428 427
400 429 428
400 430 429
400 416 430
431 432 433
432 431 434
435 434 431
434 435 436
432 437 433
437 432 438
438 439 437
439 438 440
440 441 439
441 440 442
443 441 442
441 443 444
445 444 443
444 445 446
445 447 446
447 445 448
449 447 448
447 449 450
451 450 449
450 451 452
453 452 451
452 453 454
455 454 453
454 455 456
457 456 455
456 457 458
459 458 457
458 459 460
459 461 460
461 459 462
462 463 461
463 462 464
464 465 463
465 464 466
466 467 465
467 466 468
468 469 467
469 468 470
470 471 469
471 470 472
472 473 471
473 472 474
475 473 474
473 475 476
477 476 475
476 477 478
479 478 477
478 479 480
481 480 479
480 481 482
483 482 481
482 483 484
485 484 483
484 485 486
487 486 485
486 487 488
489 488 487
488 489 490
491 490 489
490 491 492
493 492 491
492 493 494
495 496 497
496 495 498
499 496 498
496 499 500
497 501 495
501 497 502
502 503 501
503 502 504
504 505 503
505 504 506
506 507 505
507 506 508
508 509 507
509 508 510
510 511 509
511 510 512
513 511 512
511 513 514
515 514 513
514 515 516
517 516 515
516 517 518
519 518 517
518 519 520
521 520 519
520 521 522
523 522 521
522 523 524
525 524 523
524 525 526
525 527 526
527 525 528
528 529 527
529 528 530
530 531 529
531 530 532
532 533 531
533 532 534
535 533 534
533 535 536
537 536 535
536 537 538
539 538 537
538 539 540
541 540 539
540 541 542
543 542 541
542 543 544
545 544 543
544 545 546
547 546 545
546 547 548
549 548 547
548 549 550
551 550 549
550 551 552
553 552 551
552 553 554
555 554 553
554 555 556
557 556 555
556 557 558
