byte offset: 0
first index: 0
index count: 11379
topology: trianglelist
format: DXGI_FORMAT_R16_UINT

0 1 2
3 4 5
6 7 8
9 10 11
12 13 14
12 15 13
15 12 16
14 13 17
13 18 17
18 13 15
16 19 15
19 16 20
20 21 19
21 20 22
22 23 21
23 22 24
23 25 21
25 23 26
21 27 19
27 21 25
15 27 18
27 15 19
24 28 23
28 26 23
28 24 29
29 30 28
30 29 31
31 32 30
32 31 33
33 34 32
34 33 35
35 36 34
36 35 37
36 38 34
38 36 39
34 40 32
40 34 38
32 41 30
41 32 40
30 42 28
42 30 41
26 28 42
43 44 45
46 44 43
44 46 47
48 47 46
47 48 49
50 49 48
49 50 51
52 51 50
51 52 53
52 54 53
54 52 55
56 54 55
54 56 57
56 58 57
58 56 59
59 60 58
60 59 61
61 62 60
62 61 63
64 65 66
65 64 67
65 67 68
67 64 69
64 70 69
71 67 69
72 64 66
72 70 64
70 72 73
74 72 66
74 75 72
75 73 72
74 76 75
77 76 74
77 74 78
78 74 66
76 79 75
78 66 80
80 66 65
65 81 80
82 68 67
71 82 67
83 69 70
70 73 83
69 83 84
83 85 84
86 84 85
84 86 87
85 83 88
83 89 88
90 84 87
84 90 69
91 78 80
91 80 92
80 81 92
81 93 92
94 87 86
87 94 95
87 96 90
96 87 95
71 69 90
83 73 89
89 73 97
97 98 89
98 97 99
100 90 96
100 71 90
73 75 97
96 101 100
101 96 102
95 102 96
102 95 103
94 103 95
103 94 104
102 105 101
105 102 106
103 106 102
106 103 107
108 103 104
103 108 107
107 109 106
109 107 110
111 107 108
107 111 110
106 112 105
112 106 109
109 113 112
113 109 114
110 114 109
114 115 113
115 114 116
114 110 117
117 116 114
118 110 111
110 118 117
119 117 118
117 119 120
116 117 120
116 121 115
121 116 122
123 121 122
123 122 124
124 116 120
116 124 122
123 124 125
125 120 119
120 125 124
126 127 128
127 129 128
130 126 128
129 130 128
126 130 131
130 129 132
133 131 130
132 133 130
131 133 134
135 134 133
136 135 133
133 132 136
135 136 137
137 138 135
138 137 139
134 135 140
138 140 135
140 138 141
142 141 138
141 142 143
144 143 142
143 144 145
142 146 144
146 142 147
138 147 142
147 138 139
148 145 144
146 148 144
145 148 149
149 148 150
151 150 148
148 146 151
150 151 152
152 153 150
154 150 153
154 149 150
155 156 157
156 158 157
158 156 159
156 160 159
161 159 160
160 156 162
162 163 160
163 164 160
162 156 165
162 165 166
162 166 167
168 166 165
168 169 166
165 170 168
168 170 171
170 172 171
171 173 168
172 174 171
175 174 172
174 175 176
175 177 176
178 179 180
179 178 181
179 182 180
182 179 183
184 178 180
178 184 185
185 186 178
186 185 187
187 188 186
188 187 189
189 190 188
190 189 191
191 192 190
192 191 193
192 193 71
193 82 71
180 194 184
195 194 182
195 182 183
194 180 182
100 192 71
196 192 100
192 196 190
100 197 196
198 196 197
196 198 199
199 190 196
200 199 198
199 200 201
181 201 200
100 202 197
203 202 100
201 188 199
190 199 188
188 201 186
201 178 186
178 201 181
204 205 206
204 207 205
207 204 208
208 209 207
209 208 210
210 211 209
211 210 212
212 213 211
213 212 214
214 215 213
215 214 216
216 217 215
217 216 218
218 219 217
219 218 220
220 68 219
219 68 221
68 220 222
222 65 68
65 222 81
81 223 224
225 224 223
224 225 226
226 227 224
227 226 228
226 229 228
229 226 230
230 231 229
231 230 232
230 233 232
233 230 234
226 234 230
234 226 225
228 229 235
229 236 235
231 237 229
236 229 237
237 238 236
238 237 239
231 239 237
239 240 238
240 239 241
239 242 241
242 239 243
231 243 239
231 244 243
245 241 242
241 245 246
247 241 246
241 247 240
248 232 233
232 248 249
250 232 249
249 251 250
232 250 231
249 252 251
253 252 249
253 249 248
252 254 251
255 254 252
253 256 252
256 257 252
257 255 252
257 258 255
258 257 259
260 258 259
261 259 257
256 261 257
259 261 262
262 260 259
263 264 78
263 78 91
264 77 78
265 266 267
268 269 270
269 268 271
272 271 268
271 272 273
274 272 268
272 274 275
275 246 272
246 273 272
246 275 247
273 246 245
269 276 270
276 277 270
268 277 274
277 268 270
278 279 280
279 278 281
280 282 278
282 280 283
284 283 280
283 284 285
286 283 285
283 286 287
280 288 284
288 280 279
281 289 279
289 281 290
279 291 288
291 279 289
290 292 289
292 290 293
293 294 292
294 293 295
296 292 294
292 296 297
297 289 292
289 297 291
286 298 287
298 299 287
299 283 287
283 299 282
295 300 294
294 300 301
301 296 294
300 302 301
302 300 303
304 302 303
296 301 305
301 302 306
305 301 306
304 307 302
307 304 308
309 307 308
309 310 307
311 307 310
310 309 312
309 313 312
309 308 313
312 314 310
314 312 315
315 316 314
314 316 317
314 317 318
310 314 318
318 319 310
320 318 317
318 320 319
320 321 319
322 319 321
321 323 322
324 316 315
310 325 311
326 325 310
310 319 326
319 322 327
319 327 326
328 323 321
324 315 329
315 330 329
331 325 326
331 326 332
333 331 332
325 331 311
331 334 311
335 311 334
331 336 334
337 334 336
334 337 338
334 338 339
335 334 339
335 307 311
340 338 337
338 340 341
341 339 338
342 341 340
341 342 343
343 342 344
343 344 345
345 344 346
344 347 346
344 348 347
349 347 348
347 349 350
351 350 349
350 351 352
353 350 352
350 353 354
354 347 350
347 354 346
352 355 353
355 352 356
352 357 356
357 352 351
358 356 357
356 358 359
356 360 355
360 356 359
361 360 359
358 361 359
348 344 362
342 362 344
363 364 365
366 365 364
366 364 367
368 366 367
368 369 366
368 367 370
371 368 370
367 372 370
372 373 370
372 367 374
372 374 375
375 376 372
376 375 377
376 378 372
375 379 377
380 381 382
381 383 382
383 381 384
384 385 383
385 384 386
386 387 385
387 386 388
388 389 387
389 388 390
391 389 390
392 380 393
394 395 392
396 392 397
398 399 400
399 398 401
402 399 401
399 402 403
401 404 402
404 401 405
401 406 405
406 401 398
405 407 404
407 405 408
408 409 407
408 410 409
405 410 408
410 405 406
403 411 399
411 400 399
411 403 412
412 413 411
413 412 414
413 415 411
400 411 415
415 413 416
417 416 413
414 417 413
417 418 416
417 339 418
339 417 419
417 414 420
420 419 417
419 420 421
421 335 419
335 339 419
335 421 302
307 335 302
418 341 416
339 341 418
341 343 416
343 345 416
422 423 424
425 422 424
422 425 426
427 426 425
426 427 428
429 427 425
424 429 425
427 429 430
430 431 427
431 428 427
431 430 432
432 433 431
433 432 434
434 435 433
435 436 433
436 435 437
438 437 435
437 438 439
440 439 438
439 440 441
440 442 441
442 440 443
440 444 443
444 440 445
443 446 442
446 443 447
443 448 447
448 443 444
440 449 445
449 440 438
438 450 449
450 438 435
435 434 450
448 451 447
446 447 452
451 452 447
453 452 451
454 455 456
455 454 457
454 456 458
457 459 455
459 457 460
460 461 459
461 460 462
462 463 461
463 462 464
454 465 457
466 457 465
460 457 466
460 466 467
467 462 460
462 467 468
468 464 462
464 468 469
470 454 458
454 471 465
470 471 454
470 472 471
471 472 473
473 474 471
474 473 475
474 475 476
472 470 477
470 478 477
478 470 479
479 480 478
480 479 481
479 482 481
482 479 483
470 483 479
483 470 458
484 476 475
476 484 485
486 485 484
485 486 487
488 487 486
487 488 489
490 489 488
323 480 481
480 323 328
322 481 482
481 322 323
482 327 322
327 482 491
492 491 482
483 492 482
492 332 491
332 492 493
491 326 327
332 326 491
494 493 492
493 494 495
494 496 495
496 494 497
498 496 497
496 498 499
497 500 498
500 497 501
497 494 501
502 496 499
496 502 503
503 495 496
504 498 500
498 504 505
505 499 498
504 506 505
506 507 505
495 503 508
499 509 502
509 499 510
499 505 510
507 510 505
510 511 509
511 510 512
510 507 512
512 513 511
513 512 514
514 515 513
515 514 516
514 517 516
517 514 518
518 512 507
512 518 514
519 516 517
516 519 520
519 521 520
521 522 520
516 522 515
522 516 520
507 523 524
525 524 523
524 525 526
527 526 525
526 527 528
527 529 528
506 523 507
530 531 532
530 533 531
463 531 533
531 463 464
464 532 531
532 464 469
534 535 536
535 537 536
538 536 537
539 540 541
540 539 542
543 540 542
541 544 539
544 541 545
545 546 544
546 545 547
547 548 546
330 315 312
313 330 312
433 549 431
549 433 436
428 431 549
429 424 550
423 550 424
551 552 553
554 551 553
552 555 553
456 556 458
557 558 559
559 560 557
557 560 561
562 333 493
493 508 562
508 493 495
333 332 493
93 224 227
224 93 81
483 494 492
494 483 501
563 564 565
566 563 565
567 563 566
567 568 563
569 568 567
567 570 569
570 567 571
571 567 566
572 569 570
569 572 573
574 573 572
573 574 575
568 569 576
573 576 569
576 573 577
575 577 573
568 578 563
563 578 564
578 579 564
580 579 578
579 580 581
581 582 579
581 580 583
568 584 578
578 584 580
585 583 580
584 585 580
586 576 577
576 586 584
584 586 585
574 587 575
587 574 588
588 589 587
589 588 590
590 591 589
591 592 589
591 593 592
593 591 594
594 595 593
595 594 596
597 593 595
593 597 598
598 592 593
594 591 599
590 599 591
598 597 600
592 598 601
602 601 598
602 598 600
602 600 603
604 602 603
602 604 605
606 605 604
605 606 607
607 608 605
608 607 609
610 605 608
605 610 602
601 602 610
608 611 610
611 608 612
609 612 608
609 613 612
614 612 613
612 614 615
611 612 615
614 613 616
613 617 616
616 617 618
618 617 619
618 620 616
617 621 619
613 621 617
622 619 621
622 621 623
622 623 624
623 621 625
613 625 621
623 626 624
627 626 623
627 623 625
627 628 626
616 620 629
614 616 629
620 630 629
629 630 631
632 631 630
630 633 632
633 634 632
634 633 635
634 635 636
636 635 637
635 638 637
638 639 637
630 640 633
635 633 641
638 635 641
633 640 641
632 634 642
636 637 643
644 643 637
639 644 637
644 639 645
644 646 643
646 644 647
644 645 647
647 645 648
647 648 649
649 648 650
651 647 649
646 647 651
649 650 652
653 649 652
651 649 653
652 650 654
652 654 655
655 656 652
653 652 656
656 655 657
654 658 655
658 654 659
659 660 658
660 659 661
662 658 660
658 662 663
663 655 658
655 663 657
661 664 660
664 661 665
665 666 664
666 667 664
667 660 664
660 667 662
668 669 670
671 669 668
669 671 672
673 672 671
672 673 674
669 675 670
675 669 672
672 676 675
672 677 676
677 672 674
674 678 677
678 674 679
679 680 678
680 679 681
679 682 681
682 679 683
674 683 679
683 674 673
682 626 681
626 682 624
628 681 626
681 628 680
684 685 686
684 686 687
688 687 686
689 684 687
690 691 692
691 690 693
692 694 690
694 692 695
696 695 692
695 696 697
697 696 698
696 699 698
699 696 700
692 700 696
700 692 691
697 698 701
701 702 697
695 697 702
703 702 701
698 603 701
603 698 604
699 604 698
600 701 603
701 600 704
703 701 704
597 704 600
704 597 705
706 704 705
704 706 703
707 706 705
708 703 706
707 708 706
707 709 708
703 708 710
702 703 710
711 710 708
709 711 708
709 712 711
595 705 597
705 595 713
596 713 595
713 596 714
714 715 713
713 715 705
715 716 705
715 714 717
718 715 717
715 718 719
716 715 719
716 719 720
721 719 718
718 722 721
719 721 723
719 723 720
723 724 720
717 714 725
726 718 717
718 726 722
725 726 717
727 723 721
721 728 727
721 722 728
723 727 729
723 729 724
729 730 724
731 729 727
732 731 727
728 732 727
731 732 733
729 731 734
733 734 731
730 729 734
730 734 735
734 733 736
734 736 735
736 737 735
738 736 733
733 739 738
739 733 740
732 740 733
741 738 739
736 738 742
742 737 736
742 743 737
744 743 742
738 741 744
744 742 738
745 744 741
746 744 745
743 744 746
747 748 749
748 750 749
750 748 751
752 750 751
751 753 752
753 751 754
748 754 751
755 752 753
753 756 755
756 753 757
754 757 753
752 755 758
758 759 752
750 752 759
759 758 760
761 758 755
758 761 762
762 760 758
690 762 761
761 693 690
693 761 763
755 763 761
763 755 756
762 690 694
760 762 764
762 765 764
762 694 765
757 754 766
767 766 754
754 748 767
766 767 768
747 767 748
767 747 768
694 769 765
694 695 769
695 702 769
702 710 770
771 770 710
771 772 770
711 771 710
772 771 773
771 774 773
771 711 774
711 775 774
775 711 712
776 774 775
774 776 777
777 773 774
778 777 776
777 778 779
779 780 777
777 780 773
781 779 778
779 781 782
783 782 781
782 783 784
785 779 782
779 785 780
786 784 783
787 784 786
788 784 787
785 782 788
788 782 784
785 789 780
780 789 790
780 790 773
772 773 790
791 787 786
792 787 791
792 788 787
793 788 792
785 793 789
793 785 788
794 795 796
797 796 795
797 795 798
798 799 797
799 798 800
795 801 798
802 801 795
794 802 795
803 802 794
803 804 802
802 804 805
804 803 806
807 804 806
808 807 806
808 809 807
808 810 809
810 808 811
811 812 810
812 811 813
814 806 803
814 803 794
814 794 815
815 816 814
817 814 816
817 808 806
814 817 806
818 811 808
817 818 808
818 817 819
819 817 816
811 818 820
820 813 811
818 821 820
821 818 822
822 818 819
823 820 821
820 823 824
813 820 824
824 825 813
825 824 826
826 827 825
827 828 825
828 827 829
827 826 830
826 831 830
831 832 830
832 831 833
831 826 834
824 834 826
834 824 823
828 813 825
813 828 812
833 835 832
835 836 832
836 829 827
830 836 827
836 830 832
835 837 836
829 836 837
838 839 840
838 841 839
841 838 842
842 843 841
843 842 844
844 845 843
845 844 846
844 847 846
847 844 848
848 849 847
850 845 846
845 850 851
852 851 850
851 852 853
852 854 853
854 852 855
855 856 854
857 856 855
858 846 847
846 858 850
847 859 858
847 849 859
860 850 858
850 860 852
855 852 860
857 855 860
857 860 861
858 861 860
858 859 861
848 862 849
848 807 862
848 863 807
804 807 863
805 804 863
838 805 863
805 838 864
838 863 842
863 844 842
844 863 848
838 840 864
840 865 864
865 866 864
864 866 802
802 805 864
865 867 866
867 865 868
594 867 868
594 869 867
867 869 870
870 866 867
870 869 800
870 800 798
801 870 798
866 870 801
866 801 802
594 599 869
871 872 873
874 875 876
877 878 879
877 880 878
877 881 880
882 880 881
880 882 883
880 883 884
880 884 878
885 883 882
883 885 886
883 886 887
883 887 884
881 877 888
889 888 877
879 889 877
888 889 890
879 891 889
892 890 889
891 892 889
890 892 893
891 894 892
894 893 892
894 891 895
893 894 896
895 897 894
894 897 896
898 886 885
886 898 899
899 900 886
886 900 887
900 899 901
901 899 902
903 901 902
904 903 902
903 904 905
906 904 902
899 906 902
906 899 898
904 906 907
908 907 906
907 908 909
908 910 909
910 908 911
912 905 904
907 912 904
905 912 913
912 636 913
636 912 914
915 914 912
912 907 915
909 915 907
914 915 916
915 917 916
915 909 917
910 917 909
642 914 916
642 634 914
634 636 914
916 918 642
918 916 919
917 919 916
920 918 919
919 921 920
919 917 921
917 910 921
918 920 922
922 920 923
924 922 923
924 923 925
926 924 925
926 927 924
927 922 924
927 926 928
929 928 926
928 929 930
930 931 928
931 930 932
932 933 931
933 932 934
935 933 934
928 936 927
936 928 931
931 937 936
937 931 933
933 938 937
938 933 939
935 939 933
935 940 939
938 939 941
940 941 939
940 565 941
941 942 938
942 937 938
942 941 943
565 564 941
941 564 943
564 579 943
944 942 943
944 943 582
943 579 582
942 944 945
945 936 937
937 942 945
946 945 944
944 947 946
944 582 947
631 947 582
631 632 947
632 946 947
582 581 631
631 581 583
946 632 948
948 949 946
945 946 949
949 948 950
918 950 948
918 948 642
948 632 642
950 918 922
922 927 950
950 936 949
936 950 927
936 945 949
583 629 631
583 951 629
629 951 614
614 951 952
952 951 586
586 953 952
954 952 953
952 954 615
615 614 952
955 615 954
615 955 611
955 610 611
610 955 601
953 586 577
592 601 955
587 955 954
955 587 589
589 592 955
954 575 587
575 954 953
577 575 953
585 586 951
583 585 951
956 957 958
958 959 956
958 960 959
960 961 959
961 960 962
963 962 960
962 963 964
962 965 961
965 962 966
964 966 962
966 964 967
966 968 965
968 966 969
970 966 967
966 970 969
970 967 971
963 960 972
960 958 972
973 963 972
974 963 973
974 964 963
975 964 974
975 967 964
967 975 971
973 972 976
972 977 976
977 978 976
977 979 978
977 972 958
980 970 971
970 980 981
969 982 968
982 969 983
970 983 969
983 970 981
980 984 981
981 984 983
983 984 982
977 958 985
986 979 977
977 985 986
957 985 958
987 978 979
988 987 979
988 979 986
989 988 986
978 987 990
989 991 988
988 991 992
993 992 991
994 990 987
988 994 987
994 988 992
995 990 994
990 995 996
996 997 990
997 996 998
996 999 998
999 996 1000
995 1000 996
1000 1001 999
1001 1000 1002
1003 1002 1000
1000 995 1003
1002 1003 1004
1005 998 999
998 1005 1006
1006 997 998
1006 1007 997
999 1008 1005
1008 999 1001
1005 1009 1006
1006 1009 1010
1007 1006 1010
1007 1010 1011
1010 1012 1011
1010 1013 1012
1013 1014 1012
1013 1015 1014
1016 1014 1015
1017 1016 1015
1017 1018 1016
1018 1019 1016
1018 1020 1019
1021 1020 1018
1017 1021 1018
1019 1022 1016
1016 1022 1023
1014 1016 1023
1014 1023 1024
1012 1014 1024
1011 1012 1025
1012 1024 1025
1025 1024 1026
1027 1025 1026
1027 1028 1025
1028 1027 1029
1011 1025 1028
1028 1007 1011
1007 1028 978
1028 1029 978
978 997 1007
978 990 997
1030 1031 1032
1033 1032 1031
1032 1033 1034
1035 1034 1033
1034 1035 1036
1037 1036 1035
1036 1037 1038
1039 1038 1037
1038 1039 1040
1041 1040 1039
1040 1041 1042
1030 1043 1031
1030 1044 1043
1044 1045 1043
1045 1046 1043
1046 1033 1031
1046 1031 1043
1047 1046 1045
1046 1047 1048
1033 1048 1035
1048 1033 1046
1047 1049 1048
1035 1049 1037
1049 1035 1048
1049 1047 1050
1051 1049 1050
1049 1051 1052
1037 1052 1039
1052 1037 1049
1053 1052 1051
1052 1053 1054
1039 1054 1041
1054 1039 1052
1045 1044 1055
1055 1047 1045
1047 1055 1056
1056 1050 1047
1057 1054 1053
1058 1057 1053
1051 1058 1053
1057 1058 1059
1059 1060 1057
1060 1061 1057
1054 1057 1061
1061 1060 1062
1060 1059 1063
1064 1059 1058
1058 1065 1064
1065 1058 1066
1067 1064 1065
1064 1067 1068
1066 1069 1065
1067 1065 1069
1069 1066 1070
1070 1071 1069
1071 1070 1072
1072 1073 1071
1073 1072 1074
1075 1071 1073
1074 1076 1073
1076 1074 1077
1078 1076 1077
1076 1078 1079
1080 1079 1078
1080 1081 1079
1079 1082 1076
1082 1079 1081
1082 1083 1076
1083 1075 1073
1083 1073 1076
1075 1084 1071
1084 1069 1071
1067 1069 1084
1085 1086 1087
1086 1085 1088
1089 1085 1087
1089 1087 1090
1091 1089 1090
1092 1090 1087
1090 1092 1093
1093 1094 1090
1090 1094 1091
1094 1093 1095
1096 1087 1086
1087 1096 1092
1086 1097 1096
1097 1086 1098
1098 1099 1097
1099 1098 1100
1098 1101 1100
1101 1098 1102
1103 1100 1101
1100 1103 1104
1103 1105 1104
1104 1105 1106
1100 1106 1099
1106 1100 1104
1086 1102 1098
1102 1086 1088
1107 1094 1095
1108 1094 1107
1108 1091 1094
1107 1109 1108
1107 1110 1109
1107 1111 1110
1111 1112 1110
1107 1095 1111
1113 1109 1110
1114 1113 1110
1114 1110 1112
1114 1112 1115
1116 1117 1118
1116 1119 1117
1119 1120 1117
929 1119 1116
1117 1120 1121
1120 1122 1121
1123 1121 1122
1123 1122 1124
1121 1123 1125
1125 1123 1126
1122 1127 1124
1127 1128 1124
911 1128 1127
1129 1123 1124
1130 1127 1122
1130 1122 1120
925 1130 1120
1119 925 1120
926 925 1119
929 926 1119
1127 1130 1131
1131 1130 923
925 923 1130
1131 923 920
920 921 1131
910 1127 1131
911 1127 910
921 910 1131
1128 1132 1124
1129 1124 1132
1132 1128 1063
1063 1128 1060
1128 911 1060
911 1062 1060
1062 911 908
1133 1129 1132
1063 1134 1132
1132 1134 1133
1134 1135 1133
1134 1063 1059
1059 1064 1134
1068 1134 1064
1134 1068 1135
1062 908 906
1136 1062 906
1137 1062 1136
1062 1137 1061
1041 1061 1137
1061 1041 1054
1042 1041 1137
618 1138 620
1139 1140 1141
1142 1140 1139
1140 1142 1143
1144 1143 1142
1143 1144 1145
1146 1141 1140
1146 1140 1147
1143 1147 1140
1146 1147 1148
1148 1147 1149
1150 1149 1147
1147 1143 1150
1149 1150 1151
1151 1152 1149
1149 1152 1153
1153 1148 1149
1154 1152 1151
1155 1151 1150
1151 1155 1154
1155 1143 1145
1143 1155 1150
1142 1156 1144
1156 1142 1157
1157 1008 1156
1008 1157 1005
1009 1005 1157
1157 1139 1009
1139 1157 1142
1010 1009 1139
1010 1139 1141
815 794 796
604 699 606
568 576 584
1117 1121 1158
1121 1159 1158
1121 1125 1159
1160 1158 1159
1003 1159 1125
1159 1003 995
995 1160 1159
1160 995 994
1003 1125 1126
1126 1004 1003
992 1160 994
993 1160 992
993 1158 1160
1118 1158 993
1118 1117 1158
1161 714 596
714 1161 725
1162 1163 1164
1165 1163 1162
1165 1166 1163
1167 1166 1165
1162 1164 1168
1169 1170 1171
1170 1172 1171
1173 1051 1050
1051 1173 1174
1058 1051 1174
1050 1056 1173
1175 1176 1177
1177 1176 1178
1179 1177 1178
1179 1178 1180
1179 1180 1181
1182 1179 1181
1183 1176 1175
1175 1184 1183
1184 1175 1185
1186 1184 1185
1184 1186 1187
1187 1186 1188
1189 1190 1191
1189 1192 1190
1189 1193 1192
1193 1194 1192
1195 1194 1193
1195 1193 1196
1197 1195 1196
1196 1198 1197
1196 1193 1199
1200 1196 1199
1193 1201 1199
1201 1193 1202
1202 1193 1189
1203 1202 1189
1203 1189 1191
1200 1204 1196
1196 1204 1198
1191 1205 1203
1205 1191 1206
1207 1206 1191
1206 1207 1208
1191 1190 1207
1208 1209 1206
1209 1208 1210
1210 1211 1209
1211 1210 1212
1213 1209 1211
1209 1213 1214
1214 1206 1209
1206 1214 1205
1215 1205 1214
1214 1216 1215
1216 1214 1213
1212 1217 1211
1217 1212 1218
1219 1217 1218
1217 1219 1220
1221 1217 1220
1217 1221 1222
1222 1211 1217
1211 1222 1213
1221 1223 1222
1223 1213 1222
1213 1223 1216
1223 1221 1224
1221 1225 1224
1225 1221 1226
1221 1227 1226
1227 1221 1220
1219 1227 1220
1226 1228 1225
1228 1226 1229
1229 1230 1228
1230 1229 1231
1232 1231 1229
1231 1233 1230
1233 1231 1234
1235 1234 1231
1232 1235 1231
1234 1235 1236
1234 1237 1233
1237 1234 1238
1236 1238 1234
1238 1239 1237
1239 1238 1240
1241 1239 1240
1239 1241 1242
1243 1242 1241
1242 1243 1244
1238 1236 1245
1246 1238 1245
1240 1238 1246
1240 1246 1247
1240 1247 1241
1241 1247 1248
1241 1248 1243
1236 1249 1245
1250 1245 1249
1245 1250 1246
1246 1250 1251
1246 1251 1247
1252 1247 1251
1252 1248 1247
1248 1252 1253
1252 1254 1253
1248 1253 1255
1255 1243 1248
1243 1255 1256
1256 1244 1243
1257 1256 1255
1256 1257 1258
1259 1257 1255
1253 1259 1255
1258 1260 1256
1260 1258 1261
1262 1261 1258
1261 1262 1263
1263 1262 1264
1264 1262 1265
1264 1265 1266
1267 1264 1266
1266 1268 1267
1268 1266 1269
1269 1270 1268
1271 1267 1268
1268 1272 1271
1272 1268 1270
1267 1271 1273
1269 1266 1274
1266 1265 1274
1269 1274 1275
1275 1276 1269
1276 1275 1277
1277 1275 1278
1279 1277 1278
1280 1275 1274
1265 1280 1274
1275 1280 1278
1272 1270 1281
1270 1282 1281
1269 1282 1270
1283 1281 1282
1283 1282 1284
1284 1282 1269
1284 1269 1276
1285 1281 1283
1285 1283 1286
1285 1286 1287
1286 1288 1287
1285 1289 1281
1285 1290 1289
1285 1291 1290
1290 1292 1289
1293 1292 1290
1294 1290 1291
1290 1294 1295
1290 1295 1293
1286 1283 1296
1297 1296 1283
1296 1298 1286
1286 1298 1288
1283 1284 1299
1284 1300 1299
1285 1301 1291
1291 1302 1294
1301 1302 1291
1303 1302 1301
1301 1304 1303
1304 1301 1305
1305 1306 1304
1306 1305 1307
1305 1287 1307
1306 1307 1308
1309 1304 1306
1309 1303 1304
1306 1310 1309
1311 1310 1306
1312 1309 1310
1313 1309 1312
1309 1313 1314
1314 1315 1309
1309 1315 1303
1315 1314 1316
1317 1316 1314
1316 1317 1318
1318 1319 1316
1319 1315 1316
1319 1318 1320
1321 1320 1318
1317 1321 1318
1320 1321 1322
1323 1314 1313
1314 1323 1317
1324 1317 1323
1321 1317 1324
1324 1323 1325
1323 1326 1325
1323 1313 1326
1327 1326 1313
1312 1327 1313
1315 1319 1328
1328 1329 1315
1329 1328 1330
1331 1329 1330
1303 1329 1331
1315 1329 1303
1312 1332 1327
1332 1312 1310
1311 1332 1310
1276 1333 1334
1300 1276 1334
1276 1300 1284
1333 1276 1277
1333 1277 1335
1277 1279 1335
1336 1279 1337
1337 1262 1336
1279 1278 1337
1262 1337 1265
1265 1337 1280
1280 1337 1278
1279 1336 1338
1258 1336 1262
1336 1258 1257
1257 1259 1336
1264 1339 1340
1264 1267 1339
1267 1273 1339
1281 1289 1272
1341 1307 1287
1307 1341 1308
1288 1341 1287
1285 1287 1305
1301 1285 1305
1297 1342 1296
1298 1296 1342
1249 1236 1343
1236 1344 1343
1344 1345 1343
1344 1236 1235
1235 1346 1344
1235 1232 1346
1232 1347 1346
1229 1347 1232
1226 1347 1229
1348 1346 1347
1346 1348 1349
1350 1346 1349
1349 1351 1350
1352 1351 1349
1352 1349 1348
1348 1353 1352
1348 1347 1227
1226 1227 1347
1348 1227 1353
1353 1227 1219
1346 1350 1354
1350 1351 1355
1356 1357 1358
1357 1356 1359
1359 1360 1357
1361 1357 1360
1357 1361 1362
1362 1358 1357
1360 1359 1363
1362 1361 1364
1359 1365 1363
1365 1359 1366
1366 1367 1365
1367 1366 1368
1368 1369 1367
1369 1368 1370
1368 1371 1370
1371 1368 1372
1366 1372 1368
1373 1370 1371
1370 1373 1374
1370 1375 1369
1375 1370 1374
1372 1366 1376
1359 1376 1366
1376 1359 1356
1377 1374 1373
1374 1377 1378
1377 1379 1378
1379 1377 1380
1380 1381 1379
1381 1380 1382
1381 1382 1383
1384 1381 1383
1381 1385 1379
1385 1381 1386
1386 1381 1384
1379 1387 1378
1387 1379 1385
1374 1387 1375
1387 1374 1378
1383 1382 1388
1389 1362 1390
1358 1362 1389
1364 1390 1362
1391 1392 1393
1393 1394 1391
1394 1393 1395
1394 1396 1391
1396 1394 1397
1397 1398 1396
1398 1397 1399
1399 1400 1398
1400 1399 1401
1402 1400 1401
1400 1402 1403
1402 1404 1403
1404 1402 1405
1405 1406 1404
1406 1405 1407
1407 1408 1406
1408 1407 1409
1410 1408 1409
1410 1411 1408
1411 1412 1408
1413 1411 1410
1244 1256 1260
1414 1415 1416
1415 1414 1417
1416 1415 1418
1414 1419 1417
1420 1419 1414
1420 1421 1419
1420 1422 1421
1423 1422 1420
1424 1425 1426
1424 1426 1427
1424 1427 1428
1428 1427 1429
1430 1428 1429
1430 1431 1428
1432 1431 1430
1431 1432 1198
1431 1433 1428
1200 1433 1431
1428 1433 1434
1434 1435 1428
1435 1424 1428
1436 1424 1435
1436 1425 1424
1200 1431 1204
1431 1198 1204
1437 1425 1436
1425 1437 1438
1439 1438 1437
1440 1439 1437
1441 1439 1440
1439 1441 1442
1442 1443 1439
1438 1439 1443
1443 1442 1444
1444 1445 1443
1445 1444 1446
1447 1443 1445
1443 1447 1438
1448 1438 1447
1438 1448 1425
1425 1448 1426
1449 1446 1444
1446 1449 1450
1449 1451 1450
1451 1449 1452
1449 1453 1452
1453 1449 1454
1444 1454 1449
1454 1444 1442
1455 1453 1454
1442 1455 1454
1453 1455 1456
1457 1453 1456
1453 1457 1458
1453 1458 1459
1459 1452 1453
1451 1452 1459
1460 1458 1457
1458 1460 1461
1462 1461 1460
1461 1462 1463
1464 1461 1463
1465 1463 1462
1463 1465 1466
1466 1467 1463
1464 1463 1467
1467 1466 1468
1469 1466 1465
1466 1469 1470
1470 1468 1466
1471 1470 1469
1470 1471 1472
1471 1473 1472
1473 1471 1474
1474 1475 1473
1475 1474 1476
1468 1470 1477
1478 1477 1470
1472 1478 1470
1472 1479 1478
1472 1473 1479
1473 1480 1479
1473 1475 1480
1468 1477 1481
1482 1481 1477
1477 1478 1482
1478 1483 1482
1478 1479 1483
1484 1483 1479
1484 1479 1480
1480 1485 1484
1484 1485 1486
1480 1487 1485
1475 1487 1480
1487 1475 1488
1476 1488 1475
1488 1489 1487
1489 1488 1490
1491 1487 1489
1485 1487 1491
1492 1490 1488
1490 1492 1493
1493 1494 1490
1494 1493 1495
1495 1496 1494
1496 1497 1494
1496 1498 1497
1499 1498 1496
1498 1499 1500
1500 1501 1498
1501 1500 1502
1503 1500 1499
1500 1503 1504
1504 1502 1500
1499 1505 1503
1501 1506 1498
1498 1506 1497
1501 1507 1506
1507 1501 1508
1508 1509 1507
1509 1510 1507
1511 1510 1509
1512 1506 1507
1497 1506 1512
1507 1510 1512
1504 1513 1502
1502 1513 1514
1501 1502 1514
1515 1514 1513
1515 1516 1514
1516 1501 1514
1516 1508 1501
1517 1515 1513
1517 1518 1515
1517 1519 1518
1518 1519 1520
1517 1513 1521
1517 1521 1522
1517 1522 1523
1522 1521 1524
1525 1522 1524
1526 1523 1522
1522 1527 1526
1522 1525 1527
1518 1528 1515
1529 1515 1528
1528 1518 1530
1518 1520 1530
1515 1531 1516
1516 1531 1532
1517 1523 1533
1523 1526 1534
1533 1523 1534
1535 1533 1534
1533 1535 1536
1536 1537 1533
1537 1536 1538
1538 1539 1537
1537 1539 1519
1538 1540 1539
1541 1538 1536
1541 1536 1535
1538 1541 1542
1543 1538 1542
1544 1542 1541
1541 1545 1544
1545 1541 1546
1547 1546 1541
1541 1535 1547
1546 1547 1548
1548 1549 1546
1549 1548 1550
1551 1550 1548
1547 1551 1548
1550 1551 1552
1552 1553 1550
1549 1550 1553
1553 1552 1554
1546 1555 1545
1555 1546 1549
1556 1555 1549
1553 1556 1549
1556 1557 1555
1555 1557 1558
1555 1558 1545
1559 1545 1558
1544 1545 1559
1551 1547 1560
1560 1547 1561
1561 1562 1560
1563 1562 1561
1535 1563 1561
1547 1535 1561
1544 1559 1564
1564 1542 1544
1543 1542 1564
1508 1565 1566
1532 1565 1508
1508 1516 1532
1566 1509 1508
1566 1567 1509
1509 1567 1511
1568 1569 1511
1569 1568 1494
1511 1569 1510
1494 1497 1569
1497 1512 1569
1512 1510 1569
1511 1570 1568
1568 1490 1494
1490 1568 1489
1489 1568 1491
1496 1571 1572
1496 1572 1499
1499 1572 1505
1513 1504 1521
1573 1519 1539
1539 1540 1573
1520 1519 1573
1517 1537 1519
1533 1537 1517
1529 1528 1574
1530 1574 1528
1481 1575 1468
1468 1575 1576
1576 1575 1577
1576 1467 1468
1467 1576 1578
1467 1578 1464
1464 1578 1579
1461 1464 1579
1458 1461 1579
1580 1579 1578
1578 1581 1580
1582 1581 1578
1581 1582 1583
1584 1581 1583
1584 1580 1581
1580 1584 1585
1580 1459 1579
1458 1579 1459
1580 1585 1459
1585 1451 1459
1578 1586 1582
1582 1587 1583
1455 1442 1441
1588 1589 1590
1589 1588 1591
1592 1591 1588
1588 1593 1592
1593 1588 1594
1590 1594 1588
1591 1592 1595
1594 1596 1593
1597 1591 1595
1591 1597 1598
1599 1598 1597
1598 1599 1600
1601 1600 1599
1600 1601 1602
1603 1600 1602
1600 1603 1604
1604 1598 1600
1602 1605 1603
1605 1602 1606
1602 1607 1606
1607 1602 1601
1598 1604 1608
1608 1591 1598
1591 1608 1589
1606 1609 1605
1609 1606 1610
1611 1609 1610
1609 1611 1612
1613 1612 1611
1612 1613 1614
1613 1615 1614
1616 1615 1613
1617 1613 1611
1613 1617 1618
1618 1616 1613
1611 1619 1617
1619 1611 1610
1619 1606 1607
1606 1619 1610
1615 1620 1614
1621 1622 1594
1594 1590 1621
1596 1594 1622
1623 1624 1625
1626 1624 1623
1624 1626 1627
1628 1626 1623
1626 1628 1629
1630 1629 1628
1629 1630 1631
1632 1631 1630
1631 1632 1633
1632 1634 1633
1634 1632 1635
1636 1634 1635
1634 1636 1637
1638 1637 1636
1637 1638 1639
1640 1639 1638
1639 1640 1641
1642 1641 1640
1642 1640 1643
1643 1640 1644
1645 1642 1643
1488 1476 1492
1646 1647 1648
1647 1646 1649
1649 1650 1647
1650 1649 1651
1652 1648 1647
1648 1652 1653
1654 1647 1650
1647 1654 1652
1655 1649 1646
1649 1655 1656
1656 1651 1649
1651 1656 1657
1658 1653 1652
1653 1658 1659
1660 1659 1658
1659 1660 1661
1662 1661 1660
1661 1662 1663
1660 1664 1662
1664 1660 1665
1658 1665 1660
1665 1658 1666
1666 1652 1654
1652 1666 1658
1667 1662 1664
1662 1667 1668
1663 1662 1668
1669 1668 1667
1668 1669 1670
1671 1668 1670
1668 1671 1672
1668 1672 1663
1673 1671 1670
1669 1674 1670
1674 1673 1670
1673 1674 1675
1676 1673 1675
1676 1675 1677
1678 1676 1677
1678 1677 1679
1680 1681 1682
1681 1655 1682
1655 1681 1656
1681 1657 1656
1657 1681 1683
1683 1681 1684
1685 1686 1687
1686 1685 1688
1689 1685 1687
1685 1689 1690
1685 1691 1688
1692 1688 1691
1688 1692 1693
1691 1685 1694
1685 1695 1694
1695 1685 1690
1696 1690 1689
1690 1696 1697
1695 1690 1697
1698 1688 1693
1688 1698 1686
1693 1699 1698
1699 1693 1700
1701 1693 1692
1693 1701 1700
1702 1699 1700
1699 1702 1703
1704 1703 1702
1702 1705 1704
1705 1706 1704
1706 1705 1707
1705 1702 1708
1708 1700 1701
1700 1708 1702
1703 1704 1709
1710 1704 1706
1704 1710 1709
1706 1711 1710
1711 1706 1712
1707 1712 1706
1712 1707 1713
1712 1714 1711
1714 1712 1715
1713 1715 1712
1715 1716 1714
1716 1715 1717
1718 1717 1715
1715 1713 1718
1717 1718 1719
1719 1720 1717
1720 1719 1721
1716 1717 1722
1722 1717 1720
1716 1722 1723
1724 1725 1726
1726 1725 1727
1724 1728 1725
1724 1729 1728
1730 1728 1729
1728 1730 1731
1731 1725 1728
1732 1731 1730
1729 1724 1733
1732 1730 1734
1735 1730 1729
1729 1736 1735
1729 1733 1736
1730 1735 1737
1738 1737 1735
1738 1735 1739
1740 1739 1735
1735 1736 1740
1741 1730 1737
1730 1741 1734
1737 1742 1741
1742 1737 1743
1743 1737 1738
1732 1744 1731
1745 1744 1732
1725 1731 1744
1725 1744 1746
1746 1744 1747
1746 1747 1748
1748 1749 1746
1750 1746 1749
1725 1746 1750
1750 1749 1751
1750 1752 1725
1750 1753 1752
1749 1754 1751
1751 1754 1755
1751 1755 1756
1757 1755 1754
1750 1751 1758
1750 1758 1753
1751 1756 1758
1748 1759 1749
1760 1749 1759
1760 1761 1749
1749 1761 1754
1761 1762 1754
1762 1763 1754
1762 1761 1764
1760 1765 1761
1763 1762 1766
1762 1767 1766
1764 1768 1762
1768 1769 1762
1767 1762 1769
1769 1768 1770
1770 1771 1769
1771 1770 1772
1773 1771 1772
1771 1773 1774
1775 1771 1774
1771 1775 1776
1769 1776 1767
1776 1769 1771
1777 1778 1779
1778 1777 1395
1777 1779 1780
1781 1782 1783
1783 1697 1781
1694 1695 1784
1785 1786 1787
1786 1785 1788
1786 1789 1787
1789 1786 1790
1791 1786 1788
1788 1792 1791
1792 1788 1793
1786 1791 1794
1786 1794 1795
1795 1790 1786
1790 1796 1789
1796 1790 1797
1795 1797 1790
1798 1788 1785
1788 1798 1793
1799 1793 1798
1793 1799 1800
1793 1801 1792
1801 1793 1800
1799 1802 1800
1802 1799 1803
1803 1804 1802
1805 1802 1804
1806 1805 1804
1805 1806 1807
1802 1805 1808
1808 1800 1802
1800 1808 1801
1804 1803 1809
1804 1810 1806
1810 1804 1809
1811 1806 1810
1806 1811 1812
1812 1807 1806
1807 1812 1813
1814 1812 1811
1812 1814 1815
1815 1813 1812
1816 1815 1814
1815 1816 1817
1817 1818 1815
1813 1815 1818
1818 1817 1819
1819 1817 1820
1820 1821 1819
1816 1822 1817
1822 1820 1817
1816 1823 1822
1824 1825 1826
1825 1827 1826
1824 1826 1828
1824 1828 1829
1828 1830 1829
1830 1828 1831
1826 1831 1828
1832 1830 1831
1829 1833 1824
1832 1834 1830
1830 1835 1829
1829 1835 1836
1829 1836 1833
1835 1830 1837
1838 1835 1837
1838 1839 1835
1840 1835 1839
1835 1840 1836
1841 1837 1830
1830 1834 1841
1837 1841 1842
1842 1843 1837
1843 1838 1837
1832 1831 1844
1845 1832 1844
1831 1826 1844
1826 1846 1844
1846 1847 1844
1846 1848 1847
1848 1846 1849
1850 1849 1846
1826 1850 1846
1850 1851 1849
1850 1826 1852
1850 1852 1853
1849 1851 1854
1851 1855 1854
1851 1856 1855
1857 1854 1855
1850 1858 1851
1850 1853 1858
1851 1858 1856
1848 1849 1859
1860 1859 1849
1860 1849 1861
1849 1854 1861
1861 1854 1862
1862 1854 1863
1862 1864 1861
1860 1861 1865
1863 1866 1862
1862 1866 1867
1864 1862 1868
1868 1862 1869
1867 1869 1862
1869 1870 1868
1871 1870 1869
1870 1871 1872
1871 1873 1872
1873 1871 1874
1871 1875 1874
1875 1871 1876
1869 1876 1871
1876 1869 1867
1877 1878 1627
1878 1877 1879
1877 1880 1879
1796 1881 1882
1881 1796 1797
1794 1883 1795
1884 1885 1886
1887 1886 1885
1888 1887 1885
1884 1888 1885
1887 1888 1889
1889 1890 1887
1890 1889 1891
1891 1892 1890
1892 1891 1893
1893 1894 1892
1894 1893 1895
1895 1896 1894
1896 1895 1897
1897 1898 1896
1898 1897 1899
1899 1900 1898
1900 1899 1901
1901 1902 1900
1902 1901 1903
1903 1904 1902
1905 1890 1892
1890 1905 1906
1907 1892 1894
1892 1907 1905
1908 1894 1896
1894 1908 1907
1909 1896 1898
1896 1909 1908
1898 1910 1909
1910 1898 1900
1911 1900 1902
1900 1911 1910
1912 1911 1902
1913 1912 1902
1914 1915 1912
1916 1917 1915
1917 1918 1915
1917 1919 1918
1919 1920 1918
1920 1919 1921
1920 1921 1922
1886 1887 1923
1887 1906 1923
1906 1887 1890
1924 1925 1926
1925 1924 1927
1926 1928 1924
1928 1926 1929
1929 1930 1928
1930 1929 1931
1931 1932 1930
1932 1931 1933
1927 1934 1925
1934 1927 1935
1935 1936 1934
1936 1935 1937
1938 1936 1937
1936 1938 1939
1940 1939 1938
1939 1940 1941
1942 1941 1940
1941 1942 1943
1942 1944 1943
1945 1946 1947
1946 1945 1948
1949 1948 1945
1948 1949 1950
1951 1950 1949
1950 1951 1952
1953 1952 1951
1952 1953 1954
1955 1954 1953
1954 1955 1956
1955 1957 1956
1957 1955 1958
1958 1959 1957
1959 1958 1960
1960 1961 1959
1961 1960 1962
1962 1963 1961
1962 1964 1963
1946 1965 1947
1966 1967 1968
1967 1969 1968
1969 1967 1970
1970 1971 1969
1971 1970 1972
1972 1973 1971
1973 1972 1974
1975 1973 1974
1973 1975 1976
1977 1976 1975
1976 1977 1978
1979 1978 1977
1978 1979 1980
1981 1980 1979
1980 1981 1982
1981 1983 1982
1983 1984 1982
1984 1983 1985
1986 1987 1988
1989 1987 1986
1987 1989 1990
1991 1990 1989
1990 1991 1992
1991 1993 1992
1993 1991 1994
1994 1995 1993
1995 1994 1996
1996 1997 1995
1997 1996 1998
1998 1999 1997
1999 1998 2000
2000 2001 1999
2001 2000 2002
2002 2003 2001
2003 2002 2004
2005 2003 2004
2006 2005 2004
2007 2008 2009
2010 2011 2012
2011 2010 2013
2014 2013 2010
2013 2014 2015
2014 2016 2015
2017 2012 2011
2012 2017 2018
2019 2018 2017
2018 2019 2020
2020 2019 2021
2020 2021 2022
2022 2021 2023
2024 2020 2022
2020 2024 2025
2020 2025 2018
2024 2022 2026
2026 2022 2027
2026 2027 2028
2029 2024 2026
2026 2030 2029
2030 2026 2028
2024 2029 2031
2024 2031 2025
2032 2031 2029
2032 2029 2030
2025 2033 2018
2031 2034 2025
2031 2035 2034
2036 2034 2035
2037 2036 2035
2031 2038 2035
2031 2032 2038
2039 2037 2035
2039 2035 2038
2037 2040 2036
2037 2041 2040
2037 2042 2041
2042 2043 2041
2043 2042 2044
2045 2043 2044
2046 2042 2037
2044 2042 2046
2037 2039 2046
2045 2044 2047
2048 2045 2047
2048 2047 2049
2049 2050 2048
2051 2047 2044
2051 2044 2046
2047 2051 2049
2051 2052 2049
2049 2052 2050
2052 2053 2050
2054 2050 2053
2053 2052 2055
2056 2053 2055
2056 2054 2053
2057 2056 2055
2054 2056 2058
2058 2059 2054
2057 2055 2060
2061 2057 2060
2062 2061 2060
2063 2061 2062
2051 2064 2052
2064 2055 2052
2065 2064 2051
2065 2066 2064
2064 2066 2055
2066 2065 2067
2068 2067 2065
2067 2068 2069
2070 2069 2068
2069 2070 2071
2072 2071 2070
2071 2072 2073
2074 2073 2072
2073 2074 2075
2074 2076 2075
2077 2063 2062
2078 2063 2077
2079 2078 2077
2080 2078 2079
2081 2080 2079
2082 2080 2081
2083 2082 2081
2083 2084 2082
2083 2085 2084
2085 2086 2084
2081 2087 2088
2089 2088 2087
2088 2089 2090
2091 2090 2089
2090 2091 2092
2092 2091 2093
2094 2092 2093
2095 2094 2093
2012 2033 2096
2033 2012 2018
2010 2012 2096
2010 2096 2097
2010 2097 2014
2097 2098 2014
2098 2099 2014
2098 2100 2099
2100 2098 2101
2099 2100 2102
2099 2102 2016
2014 2099 2016
2102 2100 2103
2100 2104 2103
2101 2104 2100
2101 2105 2104
2104 2106 2103
2106 2104 2107
2108 2104 2105
2105 2109 2108
2110 2108 2109
2109 2111 2110
2109 2112 2111
2111 2112 2113
2112 2114 2113
2111 2115 2110
2113 2114 2116
2114 2117 2116
2117 2118 2116
2117 2119 2118
2119 2120 2118
2120 2121 2118
2120 2122 2121
2122 2120 2123
2124 2123 2120
2123 2124 2125
2125 2126 2123
2122 2123 2126
2122 2126 2127
2126 2125 2128
2129 2128 2125
2128 2129 2130
2131 2130 2129
2130 2131 2132
2133 2132 2131
2132 2133 2134
2135 2134 2133
2134 2135 2136
2137 2135 2133
2131 2137 2133
2135 2137 2138
2137 2131 2139
2129 2139 2131
2139 2129 2140
2125 2140 2129
2140 2125 2124
2138 2141 2135
2141 2136 2135
2141 2138 2142
2136 2141 2143
2144 2143 2141
2143 2144 2145
2146 2145 2144
2144 2147 2146
2147 2144 2148
2148 2141 2142
2141 2148 2144
2145 2146 2149
2146 2147 2150
2149 2146 2150
2151 2152 2153
2152 2151 2154
2155 2153 2152
2153 2155 2156
2152 2157 2155
2157 2158 2155
2158 2157 2159
2046 2158 2159
2046 2160 2158
2155 2158 2160
2156 2155 2160
2157 2152 2161
2154 2161 2152
2161 2154 2162
2163 2162 2154
2163 2154 2151
2159 2065 2046
2051 2046 2065
2164 2165 2166
2167 2166 2165
2166 2167 2168
2169 2168 2167
2168 2169 2170
2169 2171 2170
2171 2169 2172
2173 2171 2172
2171 2173 2174
2175 2174 2173
2174 2175 2176
2177 2176 2175
2176 2177 2178
2179 2178 2177
2178 2179 2180
2181 2180 2179
2180 2181 2182
2183 2182 2181
2182 2183 2184
2183 2185 2184
2186 2187 2188
2189 2188 2187
2187 2190 2189
2190 2187 2191
2192 2190 2191
2190 2192 2193
2193 2121 2190
2121 2193 2194
2121 2194 2195
2196 2195 2194
2194 2193 2197
2188 2189 2198
2122 2198 2189
2190 2122 2189
2190 2121 2122
2198 2122 2127
2191 2199 2192
2199 2191 2187
2200 2199 2187
2199 2200 2201
2202 2193 2192
2202 2197 2193
2199 2201 2203
2199 2203 2204
2204 2205 2199
2204 2206 2205
2206 2192 2205
2206 2202 2192
2199 2205 2192
2201 2200 2207
2200 2186 2207
2186 2200 2187
2207 2208 2201
2208 2209 2201
2209 2203 2201
2195 2210 2116
2113 2116 2210
2118 2195 2116
2121 2195 2118
2211 2210 2195
2210 2212 2113
2111 2113 2212
2115 2111 2212
2213 2115 2212
2196 2213 2214
2196 2214 2195
2194 2215 2196
2215 2194 2197
2215 2216 2196
2115 2217 2110
2048 2109 2045
2109 2048 2112
2050 2112 2048
2112 2050 2114
2054 2114 2050
2114 2054 2117
2059 2117 2054
2117 2059 2119
2059 2218 2119
2218 2120 2119
2218 2059 2219
2058 2219 2059
2219 2058 2220
2056 2220 2058
2220 2056 2221
2057 2221 2056
2221 2057 2222
2061 2222 2057
2222 2061 2223
2223 2061 2063
2224 2223 2063
2224 2063 2225
2225 2226 2224
2226 2225 2227
2228 2226 2227
2226 2228 2229
2230 2229 2228
2229 2230 2231
2232 2231 2230
2233 2234 2235
2107 2236 2237
2238 2237 2236
2238 2236 2239
2107 2237 2106
2240 2241 2242
2241 2243 2242
2243 2241 2244
2244 2245 2243
2245 2244 2246
2246 2247 2245
2247 2246 2248
2248 2249 2247
2249 2248 2250
2251 2249 2250
2249 2251 2252
2253 2252 2251
2252 2253 2254
2255 2254 2253
2254 2255 2256
2257 2256 2255
2256 2257 2258
2259 2258 2257
2260 2261 2262
2261 2263 2262
2263 2261 2264
2264 2265 2263
2265 2264 2266
2267 2265 2266
2265 2267 2268
2269 2268 2267
2268 2269 2270
2271 2270 2269
2270 2271 2272
2273 2272 2271
2272 2273 2274
2275 2274 2273
2275 2273 2276
2277 2275 2276
2278 2277 2276
2277 2278 2279
2280 2279 2278
2281 2282 2283
2284 2283 2282
2283 2284 2285
2286 2285 2284
2285 2286 2287
2288 2287 2286
2287 2288 2289
2290 2289 2288
2289 2290 2291
2292 2291 2290
2291 2292 2293
2294 2293 2292
2293 2294 2295
2295 2294 2296
2294 2297 2296
2295 2296 2298
2295 2298 2299
2298 2300 2299
2301 2302 2303
2303 2304 2301
2302 2301 2305
2303 2306 2304
2306 2307 2304
2307 2308 2304
2309 2308 2307
2310 2308 2309
2311 2310 2309
2311 2312 2310
2312 2311 2313
2314 2312 2313
2312 2314 2315
2316 2302 2305
2305 2317 2316
2317 2305 2318
2318 2319 2317
2319 2318 2320
2321 2319 2320
2315 2314 2322
2322 2323 2315
2322 2324 2323
2325 2323 2324
2323 2325 2326
2327 2326 2325
2328 2329 2330
2329 2328 2331
2332 2331 2328
2333 2330 2329
2330 2333 2334
2335 2334 2333
2334 2335 2336
2336 2335 2337
2332 2328 2338
2332 2338 2339
2340 2338 2328
2330 2340 2328
2330 2341 2340
2341 2330 2342
2342 2343 2341
2343 2342 2344
2343 2344 2345
2346 2332 2339
2346 2339 2347
2347 2348 2346
2348 2347 2349
2349 2350 2348
2350 2349 2351
2351 2352 2350
2352 2351 2353
2354 2352 2353
2352 2354 2355
2356 2352 2355
2355 2357 2356
2357 2355 2358
2352 2356 2359
2359 2350 2352
2359 2356 2360
2361 2359 2360
2361 2348 2350
2350 2359 2361
2360 2362 2361
2362 2363 2361
2363 2362 2364
2365 2364 2362
2364 2365 2366
2367 2365 2362
2367 2362 2360
2367 2360 2368
2360 2356 2368
2369 2355 2354
2355 2369 2358
2369 2370 2358
2370 2357 2358
2370 2369 2371
2371 2372 2370
2372 2371 2373
2374 2370 2372
2370 2374 2375
2357 2370 2375
2372 2373 2376
2377 2374 2372
2377 2372 2376
2377 2376 2378
2378 2379 2377
2379 2380 2377
2374 2377 2380
2380 2379 2381
2382 2381 2379
2382 2379 2383
2378 2383 2379
2384 2383 2378
2385 2384 2378
2384 2385 2386
2385 2387 2386
2387 2385 2388
2389 2357 2375
2357 2389 2390
2390 2356 2357
2356 2390 2368
2381 2391 2380
2391 2392 2380
2393 2392 2391
2392 2393 2394
2395 2393 2391
2393 2395 2396
2394 2397 2392
2398 2397 2394
2397 2398 2399
2397 2399 2400
2401 2400 2399
2400 2401 2402
2403 2402 2401
2402 2403 2404
2405 2404 2403
2404 2405 2406
2405 2407 2406
2407 2405 2408
2408 2409 2407
2409 2408 2410
2411 2397 2400
2412 2400 2402
2400 2412 2411
2413 2402 2404
2402 2413 2412
2404 2414 2413
2414 2404 2406
2406 2415 2414
2415 2406 2407
2407 2416 2415
2416 2407 2409
2410 2417 2409
2417 2410 2418
2418 2419 2417
2419 2418 2420
2421 2417 2419
2417 2421 2422
2409 2422 2416
2422 2409 2417
2423 2419 2420
2423 2421 2419
2424 2425 2426
2425 2427 2426
2427 2425 2428
2428 2429 2427
2429 2428 2430
2430 2431 2429
2431 2430 2332
2332 2432 2431
2346 2432 2332
2346 2433 2432
2433 2346 2348
2348 2361 2433
2434 2435 2436
2435 2437 2436
2437 2435 2438
2438 2439 2437
2439 2438 2440
2440 2441 2439
2441 2440 2442
2442 2443 2441
2443 2442 2444
2444 2445 2443
2445 2444 2446
2445 2446 2447
2448 2449 2450
2451 2452 2453
2454 2455 2456
2455 2454 2457
2457 2458 2455
2458 2457 2459
2459 2460 2458
2460 2459 2461
2461 2462 2460
2462 2461 2463
2462 2464 2460
2465 2460 2464
2460 2465 2466
2465 2467 2466
2467 2465 2468
2469 2467 2468
2467 2469 2470
2464 2462 2366
2469 2471 2470
2364 2366 2462
2364 2462 2472
2462 2463 2472
2363 2364 2472
2387 2473 2474
2387 2388 2473
2475 2476 2382
2395 2382 2476
2477 2395 2476
2477 2396 2395
2478 2477 2476
2475 2478 2476
2479 2478 2475
2382 2395 2381
2391 2381 2395
2382 2383 2480
2481 2482 2483
2397 2389 2484
2397 2484 2392
2484 2389 2375
2484 2375 2374
2392 2484 2374
2380 2392 2374
2456 2485 2454
2486 2487 2488
2489 2490 2491
2490 2489 2492
2493 2492 2489
2492 2493 2494
2495 2494 2493
2494 2495 2496
2497 2496 2495
2496 2497 2498
2499 2491 2490
2491 2499 2500
2501 2500 2499
2500 2501 2502
2501 2503 2502
2503 2501 2504
2504 2505 2503
2505 2504 2506
2506 2507 2505
2507 2506 2508
2507 2508 2509
2510 2511 2512
2511 2510 2513
2512 2514 2510
2514 2512 2515
2515 2516 2514
2516 2515 2517
2517 2518 2516
2518 2517 2519
2519 2520 2518
2520 2519 2521
2522 2520 2521
2520 2522 2523
2524 2523 2522
2523 2524 2525
2526 2525 2524
2525 2526 2527
2527 2526 2528
2527 2528 2529
2511 2513 2530
2531 2532 2533
2534 2533 2532
2533 2534 2535
2536 2535 2534
2535 2536 2537
2538 2537 2536
2537 2538 2539
2538 2540 2539
2540 2538 2541
2541 2542 2540
2542 2541 2543
2543 2544 2542
2544 2543 2545
2545 2546 2544
2546 2545 2547
2546 2547 2548
2548 2547 2549
2549 2550 2548
2551 2552 2553
2553 2554 2551
2554 2553 2555
2555 2556 2554
2556 2555 2557
2558 2556 2557
2556 2558 2559
2560 2559 2558
2559 2560 2561
2562 2561 2560
2561 2562 2563
2564 2563 2562
2563 2564 2565
2566 2565 2564
2565 2566 2567
2568 2567 2566
2567 2568 2569
2570 2569 2568
2571 2569 2570
2572 2573 2574
2575 2576 2577
2576 2575 2578
2578 2579 2576
2579 2578 2580
2579 2580 2581
2577 2582 2575
2582 2577 2583
2583 2584 2582
2584 2583 2585
2585 2586 2584
2585 2587 2586
2587 2588 2586
2589 2587 2585
2585 2590 2589
2585 2583 2590
2589 2591 2587
2591 2592 2587
2591 2593 2592
2594 2591 2589
2591 2595 2593
2595 2591 2594
2589 2596 2594
2589 2590 2596
2597 2594 2596
2597 2595 2594
2590 2583 2598
2596 2590 2599
2596 2599 2600
2601 2600 2599
2602 2600 2601
2596 2600 2603
2596 2603 2597
2604 2600 2602
2604 2603 2600
2602 2601 2605
2602 2605 2606
2602 2606 2607
2607 2606 2608
2608 2609 2607
2610 2609 2608
2611 2602 2607
2609 2611 2607
2602 2611 2604
2610 2612 2609
2613 2612 2610
2613 2614 2612
2614 2613 2615
2616 2609 2612
2616 2611 2609
2612 2614 2616
2616 2614 2617
2614 2615 2617
2617 2615 2618
2619 2618 2615
2618 2620 2617
2621 2620 2618
2621 2618 2619
2622 2620 2621
2619 2623 2621
2623 2619 2624
2622 2625 2620
2626 2625 2622
2627 2625 2626
2628 2627 2626
2616 2617 2629
2629 2617 2620
2630 2616 2629
2631 2630 2629
2629 2620 2631
2630 2631 2632
2632 2633 2630
2633 2632 2634
2634 2635 2633
2635 2634 2636
2636 2637 2635
2637 2636 2638
2638 2639 2637
2639 2638 2640
2639 2640 2641
2642 2627 2628
2643 2642 2628
2644 2642 2643
2645 2644 2643
2646 2644 2645
2647 2646 2645
2648 2646 2647
2648 2647 2649
2648 2649 2650
2650 2649 2651
2646 2652 2653
2652 2654 2653
2654 2652 2655
2655 2656 2654
2656 2655 2657
2657 2658 2656
2659 2658 2657
2660 2658 2659
2577 2661 2598
2598 2583 2577
2576 2661 2577
2576 2662 2661
2576 2579 2662
2662 2579 2663
2663 2579 2664
2665 2663 2664
2663 2665 2666
2664 2667 2665
2664 2581 2667
2579 2581 2664
2667 2668 2665
2665 2668 2669
2666 2665 2669
2666 2669 2670
2671 2669 2668
2669 2671 2672
2673 2670 2669
2670 2673 2674
2675 2674 2673
2674 2675 2676
2674 2676 2677
2676 2678 2677
2677 2678 2679
2676 2675 2680
2678 2681 2679
2679 2681 2682
2682 2681 2683
2682 2683 2684
2684 2683 2685
2685 2683 2686
2685 2686 2687
2687 2688 2685
2688 2689 2685
2689 2688 2690
2691 2690 2688
2687 2691 2688
2687 2692 2691
2690 2691 2693
2693 2694 2690
2694 2693 2695
2695 2696 2694
2696 2695 2697
2697 2698 2696
2698 2697 2699
2699 2700 2698
2700 2699 2701
2700 2702 2698
2702 2696 2698
2702 2700 2703
2696 2702 2704
2704 2694 2696
2694 2704 2705
2705 2690 2694
2690 2705 2689
2706 2703 2700
2701 2706 2700
2703 2706 2707
2706 2701 2708
2708 2709 2706
2709 2708 2710
2710 2711 2709
2712 2709 2711
2709 2712 2713
2713 2706 2709
2706 2713 2707
2711 2710 2714
2711 2715 2712
2714 2715 2711
2716 2717 2718
2717 2716 2719
2718 2720 2716
2720 2718 2721
2722 2716 2720
2723 2722 2720
2722 2723 2724
2611 2724 2723
2611 2723 2725
2720 2725 2723
2721 2725 2720
2716 2722 2726
2726 2719 2716
2719 2726 2727
2728 2719 2727
2728 2717 2719
2724 2611 2630
2616 2630 2611
2729 2730 2731
2730 2732 2731
2732 2730 2733
2733 2734 2732
2734 2733 2735
2736 2734 2735
2734 2736 2737
2736 2738 2737
2738 2736 2739
2739 2740 2738
2740 2739 2741
2741 2742 2740
2742 2741 2743
2743 2744 2742
2744 2743 2745
2745 2746 2744
2746 2745 2747
2747 2748 2746
2748 2747 2749
2748 2749 2750
2751 2752 2753
2752 2754 2753
2755 2753 2754
2753 2755 2756
2755 2757 2756
2757 2755 2758
2686 2758 2755
2758 2686 2759
2686 2760 2759
2761 2759 2760
2759 2762 2758
2754 2752 2763
2763 2687 2754
2755 2754 2687
2755 2687 2686
2687 2763 2692
2756 2757 2764
2764 2753 2756
2765 2753 2764
2764 2766 2765
2767 2757 2758
2767 2758 2762
2764 2768 2766
2764 2769 2768
2769 2764 2770
2769 2770 2771
2771 2770 2757
2771 2757 2767
2764 2757 2770
2766 2772 2765
2765 2772 2751
2772 2766 2773
2773 2766 2774
2774 2766 2768
2751 2753 2765
2760 2681 2775
2678 2775 2681
2683 2681 2760
2686 2683 2760
2776 2760 2775
2775 2678 2777
2676 2777 2678
2680 2777 2676
2778 2777 2680
2761 2779 2778
2761 2760 2779
2759 2761 2780
2780 2762 2759
2780 2761 2781
2680 2675 2782
2613 2610 2674
2674 2677 2613
2615 2613 2677
2677 2679 2615
2619 2615 2679
2679 2682 2619
2624 2619 2682
2682 2684 2624
2783 2624 2684
2783 2684 2685
2624 2783 2784
2784 2623 2624
2623 2784 2785
2785 2621 2623
2621 2785 2786
2786 2622 2621
2622 2786 2787
2787 2626 2622
2626 2787 2788
2788 2628 2626
2789 2628 2788
2789 2790 2628
2791 2790 2789
2790 2791 2792
2791 2793 2792
2793 2791 2794
2794 2795 2793
2795 2794 2796
2797 2795 2796
2798 2799 2800
2672 2801 2802
2803 2802 2801
2803 2804 2802
2672 2671 2801
2805 2806 2807
2808 2807 2806
2807 2808 2809
2810 2809 2808
2809 2810 2811
2812 2811 2810
2811 2812 2813
2814 2813 2812
2813 2814 2815
2814 2816 2815
2816 2814 2817
2817 2818 2816
2818 2817 2819
2819 2820 2818
2820 2819 2821
2821 2822 2820
2822 2821 2823
2824 2822 2823
2825 2826 2827
2828 2827 2826
2827 2828 2829
2830 2829 2828
2829 2830 2831
2830 2832 2831
2832 2830 2833
2833 2834 2832
2834 2833 2835
2835 2836 2834
2836 2835 2837
2837 2838 2836
2838 2837 2839
2840 2838 2839
2840 2841 2838
2842 2841 2840
2842 2843 2841
2843 2842 2844
2845 2843 2844
2846 2847 2848
2847 2849 2848
2849 2847 2850
2850 2851 2849
2851 2850 2852
2852 2853 2851
2853 2852 2854
2854 2855 2853
2855 2854 2856
2856 2857 2855
2857 2856 2858
2858 2859 2857
2859 2858 2860
2860 2861 2859
2859 2861 2862
2860 2863 2861
2860 2864 2863
2863 2864 2865
2866 2867 2868
2867 2866 2869
2868 2870 2866
2867 2869 2871
2871 2869 2872
2872 2869 2873
2874 2872 2873
2875 2874 2873
2876 2874 2875
2877 2876 2875
2876 2877 2878
2877 2879 2878
2879 2877 2880
2881 2870 2868
2882 2870 2881
2870 2882 2883
2884 2883 2882
2883 2884 2885
2886 2885 2884
2880 2887 2879
2887 2880 2888
2887 2888 2889
2888 2890 2889
2890 2888 2891
2892 2890 2891
2893 2894 2895
2894 2893 2896
2897 2894 2896
2895 2898 2893
2898 2895 2899
2899 2900 2898
2900 2899 2901
2901 2902 2900
2897 2903 2894
2897 2904 2903
2905 2894 2903
2895 2894 2905
2906 2895 2905
2895 2906 2907
2908 2907 2906
2907 2908 2909
2908 2910 2909
2911 2904 2897
2911 2912 2904
2913 2912 2911
2912 2913 2914
2915 2914 2913
2914 2915 2916
2917 2916 2915
2916 2917 2918
2917 2919 2918
2919 2917 2920
2917 2921 2920
2922 2920 2921
2920 2922 2923
2921 2917 2924
2915 2924 2917
2924 2925 2921
2926 2925 2924
2913 2926 2915
2924 2915 2926
2925 2926 2927
2927 2926 2928
2928 2929 2927
2930 2927 2929
2929 2931 2930
2932 2927 2930
2932 2925 2927
2932 2933 2925
2925 2933 2921
2920 2934 2919
2934 2920 2923
2935 2934 2923
2922 2935 2923
2934 2935 2936
2937 2936 2935
2936 2937 2938
2935 2939 2937
2939 2935 2940
2935 2922 2940
2937 2941 2938
2939 2942 2937
2942 2941 2937
2942 2943 2941
2943 2942 2944
2945 2944 2942
2942 2939 2945
2944 2945 2946
2947 2944 2946
2947 2948 2944
2943 2944 2948
2949 2943 2948
2949 2950 2943
2950 2949 2951
2952 2950 2951
2950 2952 2953
2922 2954 2940
2954 2922 2955
2921 2955 2922
2955 2921 2933
2956 2946 2945
2956 2945 2957
2957 2958 2956
2958 2957 2959
2958 2960 2956
2960 2958 2961
2959 2957 2962
2963 2959 2962
2962 2964 2963
2962 2965 2964
2965 2966 2964
2966 2965 2967
2967 2968 2966
2968 2967 2969
2969 2970 2968
2970 2969 2971
2972 2970 2971
2970 2972 2973
2974 2973 2972
2973 2974 2975
2976 2965 2962
2965 2977 2967
2977 2965 2976
2967 2978 2969
2978 2967 2977
2979 2969 2978
2969 2979 2971
2980 2971 2979
2971 2980 2972
2981 2972 2980
2972 2981 2974
2982 2975 2974
2975 2982 2983
2984 2983 2982
2983 2984 2985
2982 2986 2984
2986 2982 2987
2987 2974 2981
2974 2987 2982
2988 2985 2984
2988 2984 2986
2989 2990 2991
2992 2991 2990
2991 2992 2993
2994 2993 2992
2993 2994 2995
2996 2995 2994
2995 2996 2897
2897 2996 2997
2911 2897 2997
2998 2911 2997
2911 2998 2913
2926 2913 2998
2999 3000 3001
3002 3001 3000
3001 3002 3003
3004 3003 3002
3003 3004 3005
3006 3005 3004
3005 3006 3007
3008 3007 3006
3007 3008 3009
3010 3009 3008
3009 3010 3011
3010 3012 3011
3013 3014 3015
3016 3017 3018
3019 3020 3021
3020 3019 3022
3023 3022 3019
3022 3023 3024
3025 3024 3023
3024 3025 3026
3027 3026 3025
3026 3027 3028
3029 3027 3025
3025 3030 3029
3030 3025 3031
3032 3030 3031
3030 3032 3033
3032 3034 3033
3034 3032 3035
3027 3029 2931
3034 3035 3036
2929 3027 2931
2929 3037 3027
3027 3037 3028
2928 3037 2929
2952 3038 3039
2952 3039 2953
3040 2947 3041
2960 3041 2947
3042 3041 2960
3042 2960 2961
3043 3041 3042
3040 3041 3043
3044 3040 3043
2947 2946 2960
2946 2956 2960
2947 3045 2948
3046 3047 3048
2962 3049 2954
2962 2957 3049
3049 2940 2954
3049 2939 2940
2957 2939 3049
2945 2939 2957
3021 3020 3050
3051 3052 3053
