byte offset: 0
first index: 48978
index count: 4170
topology: trianglelist
format: DXGI_FORMAT_R16_UINT

13368 13369 13370
13368 13371 13369
13371 13368 13372
13372 13373 13371
13372 13374 13373
13375 13374 13372
13375 13376 13374
13375 13377 13376
13377 13378 13376
13377 13379 13378
13379 13377 13380
13380 13377 13381
13381 13382 13380
13371 13373 13383
13382 13384 13380
13384 13385 13380
13385 13379 13380
13384 13386 13385
13384 13387 13386
13384 13388 13387
13385 13386 13389
13385 13389 13390
13385 13390 13391
13379 13385 13391
13379 13391 13378
13390 13392 13391
13384 13393 13388
13394 13393 13384
13382 13394 13384
13394 13395 13393
13391 13392 13396
13396 13397 13391
13396 13398 13397
13378 13391 13397
13378 13397 13399
13399 13397 13400
13400 13401 13399
13399 13401 13402
13402 13403 13399
13403 13404 13399
13403 13405 13404
13404 13405 13406
13397 13407 13400
13397 13408 13407
13376 13399 13404
13399 13376 13378
13404 13374 13376
13406 13409 13404
13374 13404 13409
13406 13410 13409
13406 13411 13410
13409 13410 13373
13373 13374 13409
13410 13411 13412
13373 13410 13413
13413 13410 13414
13373 13415 13383
13383 13415 13416
13416 13417 13383
13418 13383 13417
13418 13417 13419
13419 13420 13418
13421 13418 13420
13415 13422 13416
13415 13423 13422
13420 13424 13421
13421 13424 13425
13425 13426 13421
13425 13427 13426
13421 13426 13370
13418 13421 13369
13421 13370 13369
13371 13418 13369
13383 13418 13371
13428 13429 13430
13428 13430 13431
13431 13432 13428
13428 13432 13433
13428 13433 13434
13435 13436 13437
13438 13436 13435
13438 13439 13436
13439 13440 13436
13440 13441 13436
13397 13442 13408
13443 13444 13413
13445 13446 13447
13446 13448 13447
13447 13448 13449
13450 13448 13446
13451 13450 13446
13450 13451 13452
13446 13445 13453
13454 13445 13447
13449 13454 13447
13454 13455 13445
13456 13445 13455
13445 13456 13457
13445 13457 13453
13457 13456 13458
13458 13456 13459
13457 13458 13460
13461 13458 13459
13462 13457 13460
13457 13462 13453
13460 13463 13462
13464 13461 13459
13456 13465 13459
13465 13466 13459
13466 13467 13459
13468 13464 13459
13467 13468 13459
13463 13469 13462
13462 13469 13470
13462 13470 13471
13471 13472 13462
13471 13473 13472
13453 13462 13472
13474 13465 13456
13475 13465 13474
13476 13475 13474
13474 13477 13476
13478 13477 13474
13474 13479 13478
13474 13480 13479
13474 13456 13455
13481 13482 13483
13483 13484 13481
13484 13485 13481
13484 13486 13485
13487 13486 13484
13487 13484 13488
13484 13483 13488
13488 13489 13487
13490 13489 13488
13489 13490 13491
13492 13491 13490
13492 13490 13493
13493 13490 13494
13482 13494 13483
13488 13483 13494
13494 13490 13488
13493 13494 13495
13492 13496 13491
13497 13492 13493
13493 13495 13498
13499 13495 13494
13500 13497 13493
13493 13498 13501
13502 13499 13494
13502 13494 13503
13503 13504 13502
13504 13503 13505
13506 13505 13503
13496 13507 13491
13507 13508 13491
13508 13509 13491
13510 13506 13503
13510 13511 13506
13482 13510 13503
13494 13482 13503
13512 13500 13493
13512 13493 13501
13513 13514 13515
13516 13514 13513
13513 13517 13516
13515 13514 13518
13518 13519 13515
13519 13520 13515
13515 13520 13521
13515 13521 13522
13523 13522 13521
13524 13523 13521
13520 13525 13521
13522 13523 13526
13527 13524 13521
13525 13528 13521
13513 13529 13517
13530 13527 13521
13528 13530 13521
13526 13531 13522
13532 13522 13531
13531 13533 13532
13532 13533 13534
13451 13522 13532
13532 13452 13451
13451 13515 13522
13515 13451 13535
13515 13535 13513
13451 13446 13535
13536 13532 13534
13452 13532 13536
13534 13537 13536
13537 13538 13536
13452 13536 13538
13537 13539 13538
13452 13540 13450
13540 13541 13450
13541 13448 13450
13542 13543 13544
13543 13545 13544
13545 13546 13544
13547 13546 13545
13548 13547 13545
13545 13549 13548
13543 13549 13545
13549 13550 13548
13551 13552 13553
13552 13554 13553
13554 13555 13553
13556 13555 13554
13555 13556 13557
13558 13556 13554
13554 13559 13558
13557 13560 13555
13560 13561 13555
13554 13562 13559
13552 13562 13554
13562 13563 13559
13564 13565 13566
13564 13566 13567
13568 13569 13570
13569 13568 13571
13572 13571 13568
13573 13572 13568
13570 13573 13568
13572 13573 13574
13571 13572 13575
13576 13572 13574
13572 13576 13577
13577 13576 13578
13578 13579 13577
13579 13578 13580
13581 13577 13579
13577 13581 13572
13571 13582 13569
13583 13578 13576
13575 13584 13571
13571 13584 13582
13584 13585 13582
13584 13575 13586
13579 13587 13581
13587 13588 13581
13579 13589 13587
13579 13590 13589
13590 13579 13580
13584 13591 13585
13592 13591 13584
13592 13584 13586
13593 13587 13589
13587 13593 13594
13594 13588 13587
13594 13595 13588
13590 13596 13589
13589 13596 13597
13598 13596 13590
13592 13599 13591
13591 13599 13600
13599 13601 13600
13600 13601 13602
13599 13603 13601
13600 13602 13604
13604 13605 13600
13591 13600 13605
13604 13606 13605
13605 13606 13607
13606 13608 13607
13603 13599 13609
13609 13610 13603
13611 13605 13607
13591 13605 13611
13592 13609 13599
13591 13611 13585
13612 13613 13614
13614 13615 13612
13595 13615 13614
13615 13595 13594
13616 13612 13615
13615 13617 13616
13615 13594 13617
13594 13618 13617
13617 13618 13619
13618 13620 13619
13618 13621 13620
13622 13621 13618
13622 13623 13621
13623 13622 13624
13624 13625 13623
13624 13626 13625
13624 13627 13626
13593 13618 13594
13622 13618 13593
13622 13628 13624
13628 13622 13593
13589 13628 13593
13617 13629 13616
13619 13629 13617
13630 13631 13632
13633 13631 13630
13630 13634 13633
13634 13635 13633
13631 13636 13632
13635 13634 13637
13634 13638 13637
13638 13639 13637
13640 13639 13638
13640 13641 13639
13597 13630 13632
13596 13630 13597
13596 13634 13630
13596 13638 13634
13598 13638 13596
13598 13640 13638
13642 13643 13644
13643 13642 13645
13646 13644 13643
13644 13646 13647
13648 13647 13646
13649 13642 13644
13644 13650 13649
13647 13650 13644
13651 13649 13650
13647 13652 13650
13652 13653 13650
13653 13651 13650
13652 13654 13653
13648 13646 13655
13655 13656 13648
13657 13658 13659
13660 13657 13659
13661 13660 13659
13661 13659 13662
13661 13662 13663
13663 13664 13661
13665 13660 13661
13660 13665 13666
13666 13657 13660
13667 13666 13665
13668 13669 13670
13668 13670 13671
13671 13672 13668
13672 13671 13673
13672 13673 13674
13675 13672 13674
13675 13674 13676
13675 13676 13677
13677 13676 13678
13677 13678 13679
13679 13680 13677
13680 13681 13677
13681 13680 13682
13671 13683 13673
13682 13680 13684
13684 13680 13685
13685 13680 13679
13684 13685 13686
13684 13686 13687
13684 13687 13688
13685 13689 13686
13685 13690 13689
13685 13691 13690
13679 13691 13685
13679 13678 13691
13690 13691 13692
13684 13688 13693
13694 13684 13693
13682 13684 13694
13694 13693 13695
13691 13696 13692
13696 13691 13697
13696 13697 13698
13678 13697 13691
13678 13699 13697
13699 13700 13697
13700 13699 13701
13699 13702 13701
13702 13699 13703
13703 13699 13704
13703 13704 13705
13704 13706 13705
13697 13700 13707
13697 13707 13708
13676 13704 13699
13699 13678 13676
13704 13676 13674
13706 13704 13709
13674 13709 13704
13706 13709 13710
13706 13710 13711
13709 13673 13710
13673 13709 13674
13710 13712 13711
13673 13713 13710
13713 13714 13710
13673 13683 13715
13683 13716 13715
13716 13683 13717
13718 13717 13683
13718 13719 13717
13719 13718 13720
13721 13720 13718
13715 13716 13722
13715 13722 13723
13720 13721 13724
13721 13725 13724
13725 13721 13726
13725 13726 13727
13721 13669 13726
13718 13670 13721
13721 13670 13669
13671 13670 13718
13683 13671 13718
13728 13729 13730
13728 13731 13729
13731 13728 13732
13728 13733 13732
13728 13734 13733
13735 13736 13737
13738 13735 13737
13738 13737 13739
13739 13737 13740
13740 13737 13741
13697 13708 13742
13743 13713 13744
13745 13746 13747
13747 13746 13748
13746 13749 13748
13750 13747 13748
13751 13747 13750
13750 13752 13751
13747 13753 13745
13754 13746 13745
13749 13746 13754
13754 13745 13755
13756 13755 13745
13745 13757 13756
13745 13753 13757
13757 13758 13756
13758 13759 13756
13757 13760 13758
13761 13759 13758
13762 13760 13757
13757 13753 13762
13760 13762 13763
13764 13759 13761
13756 13759 13765
13765 13759 13766
13766 13759 13767
13768 13759 13764
13767 13759 13768
13763 13762 13769
13762 13770 13769
13762 13771 13770
13771 13762 13772
13771 13772 13773
13753 13772 13762
13774 13756 13765
13775 13774 13765
13776 13774 13775
13774 13776 13777
13778 13774 13777
13774 13778 13779
13774 13779 13780
13774 13755 13756
13781 13782 13783
13782 13781 13784
13784 13781 13785
13784 13785 13786
13787 13784 13786
13787 13788 13784
13784 13788 13782
13788 13787 13789
13790 13788 13789
13789 13791 13790
13792 13790 13791
13792 13793 13790
13793 13794 13790
13794 13783 13782
13788 13794 13782
13794 13788 13790
13793 13795 13794
13792 13791 13796
13797 13793 13792
13793 13798 13795
13799 13794 13795
13800 13793 13797
13793 13801 13798
13802 13794 13799
13802 13803 13794
13803 13802 13804
13804 13805 13803
13806 13803 13805
13796 13791 13807
13808 13793 13800
13808 13801 13793
13783 13794 13803
13809 13803 13806
13783 13803 13809
13809 13806 13810
13807 13791 13811
13811 13791 13812
13813 13814 13815
13816 13813 13815
13813 13816 13817
13814 13818 13815
13818 13814 13819
13819 13814 13820
13814 13821 13820
13814 13822 13821
13823 13821 13822
13824 13821 13823
13820 13821 13825
13822 13826 13823
13827 13821 13824
13825 13821 13828
13813 13817 13829
13830 13821 13827
13828 13821 13830
13826 13822 13831
13832 13831 13822
13831 13832 13833
13832 13834 13833
13751 13832 13822
13832 13751 13752
13751 13822 13814
13814 13835 13751
13814 13813 13835
13751 13835 13747
13836 13834 13832
13752 13836 13832
13834 13836 13837
13837 13836 13838
13752 13838 13836
13837 13838 13839
13752 13750 13840
13840 13750 13841
13841 13750 13748
13842 13843 13844
13844 13843 13845
13845 13843 13846
13847 13845 13846
13848 13845 13847
13845 13848 13849
13844 13845 13849
13849 13848 13850
13851 13852 13853
13853 13852 13854
13854 13852 13855
13856 13854 13855
13855 13857 13856
13858 13854 13856
13854 13858 13859
13857 13855 13860
13860 13855 13861
13854 13859 13862
13853 13854 13862
13862 13859 13863
13864 13865 13866
13864 13867 13865
13868 13869 13870
13870 13871 13868
13871 13872 13868
13872 13873 13868
13869 13868 13873
13873 13872 13874
13872 13871 13875
13872 13876 13874
13876 13872 13877
13877 13878 13876
13879 13878 13877
13878 13879 13880
13881 13877 13872
13877 13881 13879
13871 13870 13882
13883 13876 13878
13884 13875 13871
13871 13882 13884
13884 13882 13885
13875 13884 13886
13879 13881 13887
13887 13881 13888
13879 13887 13889
13879 13889 13890
13890 13880 13879
13884 13885 13891
13892 13884 13891
13892 13886 13884
13887 13893 13889
13893 13887 13894
13894 13887 13888
13894 13888 13895
13890 13889 13896
13889 13897 13896
13898 13890 13896
13892 13891 13899
13891 13900 13899
13899 13900 13901
13900 13902 13901
13899 13901 13903
13900 13904 13902
13904 13900 13905
13891 13905 13900
13904 13905 13906
13905 13907 13906
13906 13907 13908
13903 13909 13899
13909 13903 13910
13911 13907 13905
13891 13911 13905
13892 13899 13909
13891 13885 13911
13912 13913 13914
13913 13912 13915
13895 13913 13915
13915 13894 13895
13916 13915 13912
13915 13916 13917
13915 13917 13894
13894 13917 13918
13917 13919 13918
13918 13919 13920
13918 13920 13921
13922 13918 13921
13922 13921 13923
13923 13924 13922
13924 13923 13925
13924 13925 13926
13924 13926 13927
13893 13894 13918
13922 13893 13918
13922 13924 13928
13928 13893 13922
13889 13893 13928
13917 13916 13929
13919 13917 13929
13930 13931 13932
13933 13930 13932
13930 13933 13934
13934 13933 13935
13932 13931 13936
13935 13937 13934
13934 13937 13938
13938 13937 13939
13940 13938 13939
13940 13939 13941
13897 13931 13930
13896 13897 13930
13896 13930 13934
13896 13934 13938
13898 13896 13938
13898 13938 13940
13942 13943 13944
13944 13945 13942
13946 13944 13943
13943 13947 13946
13948 13946 13947
13949 13943 13942
13943 13949 13950
13947 13943 13950
13951 13950 13949
13947 13950 13952
13952 13950 13953
13953 13950 13951
13952 13953 13954
13948 13955 13946
13955 13948 13956
13957 13958 13959
13960 13958 13957
13961 13958 13960
13961 13962 13958
13961 13963 13962
13963 13961 13964
13965 13961 13960
13960 13966 13965
13966 13960 13957
13967 13965 13966
13968 13969 13970
13971 13972 13973
13972 13974 13973
13975 13971 13973
13974 13976 13973
13977 13978 13979
13977 13980 13978
13977 13981 13980
13977 13982 13981
13983 13984 13985
13986 13987 13988
13989 13986 13988
13986 13990 13987
13986 13991 13990
13992 13993 13994
13992 13994 13995
13992 13996 13993
13992 13997 13996
13998 13999 14000
14001 13999 13998
14000 13999 14002
14002 13999 14003
14003 13999 14004
14004 13999 14005
14005 13999 14006
14006 13999 14007
14008 13999 14001
14009 13999 14008
14010 13999 14009
14007 13999 14011
14011 13999 14012
14012 13999 14013
14013 13999 14010
14014 14015 14016
14016 14015 14017
14017 14015 14018
14017 14018 14019
14019 14020 14017
14019 14021 14020
14020 14021 14022
14015 14023 14018
14016 14017 14024
14024 14017 14020
14025 14016 14024
14024 14020 14026
14026 14027 14024
14027 14026 14028
14020 14029 14026
14020 14030 14029
14020 14031 14030
14029 14032 14026
14032 14029 14033
14030 14033 14029
14033 14034 14032
14032 14034 14035
14036 14028 14026
14026 14032 14036
14028 14036 14037
14038 14037 14036
14039 14038 14036
14036 14032 14039
14040 14039 14032
14041 14038 14039
14041 14039 14042
14042 14043 14041
14039 14044 14042
14039 14040 14044
14038 14041 14045
14045 14046 14038
14037 14038 14046
14046 14045 14047
14048 14047 14045
14049 14048 14045
14045 14041 14049
14048 14049 14050
14049 14051 14050
14051 14049 14052
14041 14052 14049
14052 14041 14053
14051 14054 14050
14054 14051 14055
14050 14056 14048
14056 14050 14054
14057 14054 14055
14058 14057 14055
14047 14048 14059
14056 14059 14048
14056 14054 14060
14060 14054 14057
14061 14056 14060
14056 14061 14062
14059 14056 14062
14060 14057 14063
14063 14064 14060
14065 14063 14057
14057 14066 14065
14063 14065 14067
14063 14067 14068
14068 14069 14063
14064 14063 14069
14069 14068 14070
14060 14071 14061
14071 14060 14064
14064 14072 14071
14072 14064 14073
14064 14069 14073
14073 14074 14072
14074 14073 14075
14073 14069 14075
14076 14075 14069
14076 14069 14077
14076 14077 14078
14079 14076 14078
14080 14076 14079
14075 14076 14080
14080 14079 14081
14080 14082 14075
14075 14083 14074
14083 14075 14082
14082 14084 14083
14084 14082 14085
14082 14080 14085
14080 14086 14085
14086 14080 14087
14087 14088 14086
14085 14089 14084
14089 14085 14090
14086 14088 14091
14088 14092 14091
14080 14093 14087
14085 14086 14094
14094 14090 14085
14086 14091 14094
14080 14081 14095
14096 14093 14080
14097 14096 14080
14091 14098 14094
14099 14100 14014
14016 14099 14014
14099 14016 14101
14099 14101 14102
14103 14101 14016
14101 14103 14104
14027 14103 14016
14032 14105 14106
14032 14106 14040
14032 14035 14107
14069 14108 14109
14069 14109 14110
14069 14110 14077
14069 14070 14111
14020 14112 14031
14113 14020 14022
14114 14115 14116
14117 14118 14119
14119 14118 14120
14121 14118 14117
14120 14118 14122
14123 14124 14125
14123 14125 14126
14123 14126 14127
14123 14127 14128
14129 14130 14131
14132 14133 14134
14135 14133 14132
14132 14134 14136
14132 14136 14137
14138 14139 14140
14138 14141 14139
14138 14140 14142
14138 14142 14143
14144 14145 14146
14147 14144 14146
14145 14148 14146
14148 14149 14146
14149 14150 14146
14150 14151 14146
14151 14152 14146
14152 14153 14146
14154 14147 14146
14155 14154 14146
14156 14155 14146
14153 14157 14146
14157 14158 14146
14158 14159 14146
14159 14156 14146
14160 14161 14162
14161 14163 14162
14163 14164 14162
14163 14165 14164
14165 14163 14166
14165 14166 14167
14166 14168 14167
14162 14164 14169
14161 14170 14163
14170 14166 14163
14171 14170 14161
14170 14172 14166
14173 14172 14170
14172 14173 14174
14166 14172 14175
14166 14175 14176
14166 14176 14177
14175 14172 14178
14178 14179 14175
14176 14175 14179
14179 14178 14180
14178 14181 14180
14174 14182 14172
14172 14182 14178
14182 14174 14183
14183 14184 14182
14185 14182 14184
14182 14185 14178
14186 14178 14185
14187 14185 14184
14187 14188 14185
14188 14187 14189
14185 14188 14190
14185 14190 14186
14184 14191 14187
14192 14191 14184
14184 14183 14192
14191 14192 14193
14193 14194 14191
14194 14195 14191
14191 14195 14187
14195 14194 14196
14197 14195 14196
14195 14197 14198
14187 14195 14198
14198 14199 14187
14200 14197 14196
14197 14200 14201
14202 14196 14194
14196 14202 14200
14203 14201 14200
14204 14201 14203
14194 14193 14205
14205 14202 14194
14202 14206 14200
14206 14203 14200
14202 14207 14206
14207 14202 14208
14202 14205 14208
14206 14209 14203
14209 14206 14210
14211 14203 14209
14203 14211 14212
14209 14213 14211
14209 14214 14213
14214 14209 14215
14210 14215 14209
14215 14216 14214
14217 14206 14207
14206 14217 14210
14218 14210 14217
14210 14218 14219
14210 14219 14215
14220 14219 14218
14219 14220 14221
14219 14221 14215
14222 14215 14221
14222 14223 14215
14222 14224 14223
14225 14224 14222
14226 14225 14222
14221 14226 14222
14226 14227 14225
14226 14221 14228
14229 14221 14220
14221 14229 14228
14230 14228 14229
14228 14230 14231
14228 14231 14226
14226 14231 14232
14232 14233 14226
14233 14232 14234
14235 14231 14230
14231 14235 14236
14232 14237 14234
14234 14237 14238
14226 14233 14239
14231 14240 14232
14240 14231 14236
14232 14240 14237
14226 14241 14227
14242 14226 14239
14243 14226 14242
14237 14240 14244
14245 14160 14246
14245 14161 14160
14161 14245 14247
14245 14248 14247
14247 14249 14161
14249 14247 14250
14173 14161 14249
14178 14251 14252
14178 14186 14251
14178 14253 14181
14215 14254 14255
14215 14256 14254
14215 14223 14256
14215 14257 14216
14166 14177 14258
14259 14168 14166
14260 14261 14262
14263 14260 14262
14262 14264 14263
14265 14263 14264
14264 14266 14265
14267 14265 14266
14265 14267 14268
14265 14268 14269
14269 14270 14265
14263 14265 14270
14271 14263 14270
14272 14270 14269
14270 14272 14273
14269 14274 14272
14269 14275 14274
14276 14274 14275
14276 14275 14277
14276 14277 14278
14279 14276 14278
14279 14280 14276
14273 14272 14281
14274 14281 14272
14274 14282 14281
14282 14274 14276
14273 14281 14283
14284 14273 14283
14285 14284 14283
14284 14286 14273
14281 14287 14283
14283 14287 14288
14285 14283 14288
14285 14288 14289
14290 14285 14289
14287 14291 14288
14291 14292 14288
14288 14292 14289
14292 14291 14293
14292 14293 14294
14289 14292 14294
14290 14289 14294
14290 14294 14295
14296 14287 14281
14282 14296 14281
14297 14296 14282
14295 14294 14298
14293 14298 14294
14299 14291 14287
14296 14299 14287
14291 14299 14293
14300 14299 14296
14299 14300 14293
14296 14297 14300
14293 14300 14301
14293 14301 14298
14301 14300 14302
14302 14300 14297
14301 14302 14303
14303 14298 14301
14295 14298 14303
14304 14297 14282
14276 14304 14282
14280 14304 14276
14305 14271 14306
14305 14306 14307
14308 14305 14307
14306 14271 14270
14286 14270 14273
14309 14310 14311
14279 14309 14311
14279 14278 14309
14312 14313 14314
14315 14313 14312
14313 14315 14316
14317 14316 14315
14316 14317 14318
14319 14318 14317
14317 14320 14319
14317 14321 14320
14321 14317 14322
14315 14322 14317
14323 14322 14315
14324 14321 14322
14322 14325 14324
14321 14324 14326
14321 14326 14327
14328 14327 14326
14328 14329 14327
14328 14330 14329
14331 14330 14328
14331 14328 14332
14325 14333 14324
14326 14324 14333
14326 14333 14334
14334 14328 14326
14325 14335 14333
14336 14335 14325
14337 14335 14336
14336 14325 14338
14333 14335 14339
14335 14340 14339
14337 14340 14335
14337 14341 14340
14342 14341 14337
14339 14340 14343
14343 14340 14344
14340 14341 14344
14344 14345 14343
14344 14346 14345
14341 14346 14344
14342 14346 14341
14342 14347 14346
14348 14333 14339
14334 14333 14348
14349 14334 14348
14347 14350 14346
14345 14346 14350
14351 14339 14343
14348 14339 14351
14343 14345 14351
14352 14348 14351
14351 14345 14352
14348 14352 14349
14345 14353 14352
14345 14350 14353
14353 14354 14352
14354 14349 14352
14353 14355 14354
14355 14353 14350
14347 14355 14350
14356 14334 14349
14328 14334 14356
14332 14328 14356
14357 14358 14323
14357 14359 14358
14360 14359 14357
14358 14322 14323
14338 14325 14322
14361 14362 14363
14331 14362 14361
14331 14361 14330
14364 14365 14366
14366 14367 14364
14367 14368 14364
14367 14369 14368
14367 14370 14369
14371 14370 14367
14371 14372 14370
14373 14372 14371
14373 14371 14374
14374 14371 14375
14375 14371 14367
14375 14367 14366
14374 14375 14376
14377 14375 14366
14375 14377 14376
14366 14378 14377
14365 14378 14366
14372 14379 14370
14372 14380 14379
14381 14372 14373
14380 14372 14381
14382 14380 14381
14382 14383 14380
14383 14382 14384
14384 14385 14383
14377 14386 14376
14386 14377 14378
14378 14387 14386
14387 14388 14386
14389 14390 14391
14390 14392 14391
14392 14390 14393
14390 14394 14393
14395 14393 14394
14394 14396 14395
14393 14395 14397
14396 14394 14398
14399 14394 14390
14394 14399 14398
14399 14390 14389
14399 14400 14398
14400 14399 14389
14389 14401 14400
14402 14401 14389
14391 14402 14389
14401 14402 14403
14404 14393 14397
14393 14404 14405
14393 14405 14392
14406 14405 14404
14405 14406 14392
14407 14406 14404
14408 14409 14410
14408 14411 14409
14409 14411 14412
14410 14409 14413
14414 14413 14409
14409 14412 14414
14413 14414 14415
14415 14416 14413
14416 14417 14413
14413 14417 14410
14416 14418 14417
14417 14419 14410
14419 14408 14410
14420 14418 14416
14418 14420 14421
14422 14423 14424
14424 14425 14422
14423 14422 14426
14423 14426 14427
14423 14427 14428
14429 14423 14428
14429 14428 14430
14431 14429 14430
14431 14432 14429
14432 14433 14429
14433 14423 14429
14433 14424 14423
14432 14434 14433
14435 14424 14433
14433 14434 14435
14424 14435 14436
14425 14424 14436
14430 14428 14437
14430 14437 14438
14439 14431 14430
14438 14439 14430
14440 14439 14438
14441 14440 14438
14440 14441 14442
14442 14441 14443
14435 14434 14444
14444 14436 14435
14436 14444 14445
14445 14444 14446
14447 14448 14449
14449 14448 14450
14450 14451 14449
14449 14451 14452
14451 14453 14452
14452 14453 14454
14453 14451 14455
14454 14456 14452
14457 14449 14452
14452 14456 14457
14457 14447 14449
14457 14456 14458
14458 14447 14457
14447 14458 14459
14460 14447 14459
14448 14447 14460
14459 14461 14460
14451 14462 14455
14462 14451 14463
14451 14450 14463
14464 14462 14463
14463 14450 14464
14465 14462 14464
14466 14467 14468
14466 14468 14469
14468 14470 14469
14467 14471 14468
14471 14472 14468
14468 14472 14470
14472 14471 14473
14473 14471 14474
14474 14471 14475
14471 14467 14475
14474 14475 14476
14475 14467 14477
14477 14467 14466
14476 14478 14474
14478 14476 14479
14480 14481 14482
14481 14480 14483
14483 14480 14484
14483 14484 14485
14483 14485 14486
14487 14483 14486
14487 14486 14488
14489 14487 14488
14489 14490 14487
14490 14491 14487
14491 14483 14487
14491 14481 14483
14490 14492 14491
14493 14481 14491
14491 14492 14493
14481 14493 14494
14482 14481 14494
14488 14486 14495
14488 14495 14496
14497 14489 14488
14496 14497 14488
14498 14497 14496
14499 14498 14496
14498 14499 14500
14500 14499 14501
14493 14492 14502
14502 14494 14493
14494 14502 14503
14503 14502 14504
14505 14506 14507
14507 14506 14508
14508 14509 14507
14507 14509 14510
14509 14511 14510
14510 14511 14512
14511 14509 14513
14512 14514 14510
14515 14507 14510
14510 14514 14515
14515 14505 14507
14515 14514 14516
14516 14505 14515
14505 14516 14517
14518 14505 14517
14506 14505 14518
14517 14519 14518
14509 14520 14513
14520 14509 14521
14509 14508 14521
14522 14520 14521
14521 14508 14522
14523 14520 14522
14524 14525 14526
14524 14526 14527
14526 14528 14527
14525 14529 14526
14529 14530 14526
14526 14530 14528
14530 14529 14531
14531 14529 14532
14532 14529 14533
14529 14525 14533
14532 14533 14534
14533 14525 14535
14535 14525 14524
14534 14536 14532
14536 14534 14537
14538 14539 14540
14539 14538 14541
14540 14542 14538
14540 14543 14542
14540 14544 14543
14545 14544 14540
14545 14546 14544
14547 14546 14545
14547 14545 14548
14548 14545 14549
14549 14545 14540
14549 14540 14539
14548 14549 14550
14551 14549 14539
14549 14551 14550
14539 14552 14551
14541 14552 14539
14546 14553 14544
14546 14554 14553
14555 14546 14547
14554 14546 14555
14556 14554 14555
14556 14557 14554
14557 14556 14558
14558 14559 14557
14551 14560 14550
14560 14551 14552
14552 14561 14560
14561 14562 14560
14563 14564 14565
14564 14566 14565
14566 14564 14567
14564 14568 14567
14569 14567 14568
14568 14570 14569
14567 14569 14571
14570 14568 14572
14573 14568 14564
14568 14573 14572
14573 14564 14563
14573 14574 14572
14574 14573 14563
14563 14575 14574
14576 14575 14563
14565 14576 14563
14575 14576 14577
14578 14567 14571
14567 14578 14579
14567 14579 14566
14580 14579 14578
14579 14580 14566
14581 14580 14578
14582 14583 14584
14582 14585 14583
14583 14585 14586
14584 14583 14587
14588 14587 14583
14583 14586 14588
14587 14588 14589
14589 14590 14587
14590 14591 14587
14587 14591 14584
14590 14592 14591
14591 14593 14584
14593 14582 14584
14594 14592 14590
14592 14594 14595
