byte offset: 0
first index: 432
index count: 2700
topology: trianglelist
format: DXGI_FORMAT_R16_UINT

139 140 141
142 143 144
145 146 147
148 146 145
149 150 151
152 153 154
155 156 157
158 155 157
159 160 161
159 162 160
163 162 159
163 164 162
163 165 164
166 161 160
166 167 161
167 166 168
168 169 167
169 168 170
167 171 161
171 167 172
172 173 171
173 174 171
170 175 169
175 170 176
177 169 175
177 175 178
176 178 175
178 179 177
180 179 178
180 178 181
169 177 182
179 182 177
182 179 183
179 184 183
180 184 179
185 184 180
186 185 180
180 181 186
187 185 186
188 187 186
189 181 178
178 176 189
186 181 190
190 191 186
188 186 191
192 188 191
190 193 191
194 193 190
194 195 193
196 193 195
197 193 196
192 191 197
191 193 197
190 198 194
199 197 196
197 199 200
197 200 192
199 201 200
181 198 190
181 189 198
196 195 202
202 203 196
199 196 203
199 203 204
199 204 201
204 205 201
202 206 203
206 207 203
204 203 207
207 208 204
204 208 205
209 208 207
206 209 207
208 210 205
209 211 208
208 211 212
208 212 213
213 210 208
213 214 210
214 213 215
216 214 215
217 216 215
217 213 212
213 217 215
218 219 220
219 218 165
219 221 220
221 219 222
223 222 219
222 223 224
225 224 223
225 226 224
174 226 225
219 165 227
227 165 163
226 174 173
228 229 230
229 231 230
232 229 228
233 232 228
230 231 234
235 234 231
235 231 236
236 237 235
238 237 236
233 228 239
240 233 239
240 239 241
242 240 241
243 240 242
244 240 243
245 244 243
246 244 245
247 246 245
248 246 247
242 241 249
238 250 237
250 235 237
235 250 251
249 241 252
249 252 253
253 252 254
253 254 255
255 254 256
254 257 256
256 257 251
257 258 251
235 251 258
259 260 249
261 260 259
262 261 259
263 261 262
260 242 249
264 263 262
265 266 267
266 268 267
268 269 267
270 266 265
265 271 270
271 265 272
273 269 268
273 268 274
273 274 275
276 275 274
277 275 276
277 276 278
278 276 279
280 271 272
281 267 269
273 281 269
282 267 281
283 267 282
284 283 282
283 284 285
285 286 283
273 287 281
273 288 287
289 287 288
290 289 288
290 291 289
291 292 289
293 286 285
294 295 296
295 297 296
298 295 294
298 294 299
299 294 300
299 300 301
301 300 302
303 301 302
303 304 301
305 304 303
304 305 306
296 297 307
308 307 297
297 309 308
310 309 297
310 311 309
312 311 310
313 311 312
313 312 314
308 315 307
315 308 316
317 306 305
305 303 317
303 318 317
303 319 318
318 319 320
321 318 320
321 320 322
323 321 322
323 322 324
322 325 324
324 325 315
325 307 315
326 315 316
326 316 327
328 326 327
329 328 327
329 330 328
331 332 333
334 331 333
335 331 334
336 335 334
336 337 335
333 332 338
338 339 333
338 340 339
341 339 340
341 340 342
341 342 343
341 343 344
331 345 332
345 338 332
346 345 331
347 346 331
338 345 348
349 346 347
349 347 350
338 348 351
352 351 348
352 353 351
352 354 353
352 355 354
356 357 358
357 356 359
360 358 357
358 360 361
362 363 364
363 362 365
363 366 364
366 363 367
368 369 370
368 371 369
371 372 369
372 373 369
373 372 374
373 374 375
373 375 376
377 373 376
377 378 373
378 377 379
373 378 380
380 378 381
378 382 381
383 382 378
383 378 379
381 382 384
385 384 382
385 382 386
386 382 383
387 384 385
388 385 386
389 385 388
389 387 385
390 387 389
391 389 388
392 389 391
392 390 389
393 390 392
392 391 394
392 394 395
393 392 395
395 394 396
393 395 397
395 398 397
395 396 398
396 399 398
399 396 400
400 401 399
402 403 404
403 402 405
404 406 402
406 404 407
408 406 407
406 408 409
410 411 412
411 410 413
411 414 412
414 411 415
414 415 416
417 418 419
418 417 420
421 417 419
417 421 422
420 423 418
423 420 424
424 425 423
425 424 426
427 428 429
428 427 430
428 431 429
431 428 432
432 433 431
433 432 434
435 436 437
436 435 438
439 435 437
435 439 440
440 439 441
442 443 444
443 442 445
446 442 444
442 446 447
448 447 446
447 448 449
450 451 452
451 450 453
451 454 452
454 451 455
455 456 454
456 455 457
458 459 460
459 458 461
460 462 458
462 460 463
464 462 463
462 464 465
466 467 468
468 469 466
468 470 469
470 471 469
467 466 472
473 467 472
473 472 474
475 473 474
471 470 476
471 476 477
471 477 478
477 479 478
478 479 480
480 481 478
481 480 482
481 482 483
483 482 484
483 484 485
485 484 486
486 484 487
488 480 479
477 488 479
489 488 477
480 488 490
489 477 491
490 492 480
490 493 492
489 491 494
494 495 489
496 495 494
496 497 495
497 496 498
498 499 497
473 499 498
473 500 499
475 500 473
493 501 492
493 502 501
502 503 501
503 504 501
505 506 507
506 505 508
507 509 505
509 507 510
510 511 509
511 510 512
513 506 508
506 513 514
515 514 513
514 515 516
515 517 516
517 515 518
519 520 521
520 519 522
521 523 519
523 521 524
525 523 524
523 525 526
525 527 526
527 525 528
529 530 531
530 529 532
533 530 532
530 533 534
535 534 533
534 535 536
537 536 535
536 537 538
539 538 537
538 539 540
541 542 543
543 542 544
545 541 543
546 541 545
547 546 545
546 547 548
549 548 547
550 548 549
549 551 550
549 552 551
552 549 553
549 554 553
555 553 554
554 556 555
555 556 557
556 558 557
557 558 559
558 560 559
560 561 562
562 561 563
561 564 563
561 565 564
566 565 561
565 567 564
563 564 567
565 568 567
569 567 568
569 568 570
570 571 569
544 566 561
570 572 571
572 573 571
571 573 574
575 574 573
576 574 575
577 574 576
372 577 576
573 578 575
573 579 578
579 580 578
579 581 580
581 582 580
582 583 580
584 576 575
576 584 585
586 585 584
371 577 372
587 586 584
587 588 586
588 587 589
590 588 589
590 589 591
590 591 592
592 591 593
594 592 593
595 594 593
596 595 593
597 596 593
597 593 598
599 600 601
600 599 602
602 603 600
603 602 604
604 605 603
605 604 606
607 605 606
605 607 608
609 608 607
608 609 610
611 610 609
610 611 612
613 612 611
612 613 614
615 614 613
614 615 616
617 616 615
616 617 618
619 618 617
618 619 620
621 620 619
620 621 622
621 623 622
623 621 624
625 626 627
626 625 628
629 627 626
627 629 630
631 630 629
630 631 632
631 633 632
633 631 634
634 635 633
635 634 636
636 637 635
637 636 638
638 639 637
639 638 640
640 641 639
641 640 642
642 643 641
643 642 644
645 643 644
643 645 646
647 646 645
646 647 648
649 648 647
648 649 650
651 650 649
652 653 654
653 652 655
656 654 653
654 656 657
656 658 657
658 656 659
659 660 658
660 659 661
662 660 661
660 662 663
664 665 666
665 664 667
666 668 664
668 666 669
669 670 668
670 669 671
671 672 670
672 671 673
673 674 672
674 673 675
675 676 674
676 675 677
677 678 676
677 679 678
680 681 682
681 680 683
684 682 681
682 684 685
686 687 688
687 686 689
687 690 688
690 687 691
691 692 690
692 691 693
694 695 696
695 694 697
698 699 700
699 698 701
702 700 699
700 702 703
704 703 702
703 704 705
704 706 705
706 704 707
708 709 710
709 708 711
712 713 714
713 712 715
716 713 715
713 716 717
718 719 720
719 718 721
722 719 721
719 722 723
724 725 726
727 728 729
727 729 730
731 727 730
731 730 732
731 732 733
734 729 728
734 728 735
735 736 734
736 735 737
737 738 736
735 728 739
739 740 735
740 739 741
741 739 742
738 737 743
743 744 738
745 743 737
745 746 743
744 743 746
746 745 747
748 746 747
748 749 746
737 750 745
747 745 750
750 751 747
747 751 752
748 747 752
753 748 752
754 748 753
748 754 749
755 754 753
756 754 755
757 746 749
746 757 744
754 758 749
758 754 759
756 759 754
760 759 756
758 759 761
762 758 761
762 761 763
764 763 761
765 764 761
760 765 759
759 765 761
758 762 766
767 764 765
765 768 767
765 760 768
767 768 769
749 758 766
749 766 757
764 770 763
770 764 771
767 771 764
767 772 771
767 769 772
772 769 773
770 771 774
774 771 775
772 775 771
775 772 776
772 773 776
777 775 776
774 775 777
776 773 778
777 776 779
776 780 779
776 781 780
781 776 778
782 781 778
781 782 783
784 783 782
785 783 784
785 781 783
781 785 780
786 787 788
788 733 786
788 787 789
789 790 788
791 788 790
790 792 791
793 791 792
793 792 794
742 793 794
788 795 733
795 731 733
794 741 742
796 797 798
797 796 799
799 800 797
800 799 801
802 803 804
803 802 805
806 802 804
802 806 807
808 809 810
808 810 811
811 810 812
812 810 813
813 814 812
813 815 814
813 816 815
817 816 813
817 813 818
818 819 817
813 820 818
820 821 818
818 821 822
823 818 822
823 819 818
821 824 822
825 822 824
825 826 822
826 823 822
827 825 824
828 826 825
829 828 825
829 825 827
830 829 827
831 828 829
832 831 829
832 829 830
833 832 830
832 834 831
832 835 834
833 835 832
835 836 834
833 837 835
835 837 838
835 838 836
839 836 838
836 839 840
840 839 841
842 843 844
843 842 845
846 845 842
845 846 847
846 848 847
848 846 849
850 851 852
851 850 853
854 851 853
851 854 855
854 856 855
857 858 859
858 857 860
858 861 859
861 858 862
863 860 857
860 863 864
865 864 863
864 865 866
867 868 869
868 867 870
871 868 870
868 871 872
873 872 871
872 873 874
875 876 877
876 875 878
876 879 877
879 876 880
880 881 879
882 883 884
883 882 885
883 886 884
886 883 887
887 888 886
888 887 889
890 891 892
891 890 893
894 891 893
891 894 895
896 895 894
895 896 897
898 899 900
899 898 901
902 900 899
900 902 903
902 904 903
904 902 905
906 907 908
907 906 909
910 909 906
909 910 911
912 911 910
911 912 913
907 914 908
914 907 915
915 916 914
916 915 917
918 916 917
916 918 919
920 921 922
921 920 923
924 923 920
923 924 925
924 926 925
926 924 927
928 926 927
926 928 929
930 931 932
931 930 933
931 934 932
934 931 935
935 936 934
936 935 937
937 938 936
938 937 939
939 940 938
940 939 941
942 943 944
943 942 945
946 945 942
945 946 947
948 947 946
947 948 949
948 950 949
950 948 951
951 952 950
952 951 953
953 954 952
954 953 955
955 956 954
956 955 957
957 958 956
958 957 959
959 960 958
960 959 961
961 962 960
962 961 963
963 964 962
964 963 965
966 964 965
964 966 967
968 969 970
969 968 971
970 972 968
972 970 973
973 974 972
974 973 975
976 974 975
974 976 977
978 977 976
977 978 979
980 979 978
979 980 981
982 981 980
981 982 983
984 983 982
983 984 985
986 985 984
985 986 987
986 988 987
988 986 989
989 990 988
990 989 991
991 992 990
992 991 993
994 992 993
995 996 997
996 995 998
997 999 995
999 997 1000
1001 999 1000
999 1001 1002
1003 1002 1001
1002 1003 1004
1003 1005 1004
1005 1003 1006
1007 1008 1009
1008 1007 1010
1011 1010 1007
1010 1011 1012
1013 1012 1011
1012 1013 1014
1015 1014 1013
1014 1015 1016
1017 1016 1015
1016 1017 1018
1019 1018 1017
1018 1019 1020
1020 1019 1021
1020 1021 1022
1023 1024 1025
1024 1023 1026
1025 1027 1023
1027 1025 1028
1029 1030 1031
1030 1029 1032
1033 1029 1031
1029 1033 1034
1035 1034 1033
1034 1035 1036
1037 1038 1039
1038 1037 1040
1041 1042 1043
1042 1041 1044
1043 1045 1041
1045 1043 1046
1046 1047 1045
1047 1046 1048
1049 1047 1048
1047 1049 1050
1051 1052 1053
1052 1051 1054
1055 1056 1057
1056 1055 1058
1056 1059 1057
1059 1056 1060
1061 1062 1063
1062 1061 1064
1062 1065 1063
1065 1062 1066
1067 1068 1069
1070 1069 1068
1069 1071 1067
1067 1071 1072
1071 1073 1072
1074 1067 1072
812 1067 1074
1075 1072 1073
1076 1075 1073
1073 1071 1077
1073 1077 1078
1078 1077 1079
1078 1079 1080
1080 1079 1081
1081 1079 1082
811 812 1074
1083 1069 1070
1083 1070 1084
1084 1085 1083
1086 1085 1084
1086 1087 1085
1086 1088 1087
1088 1089 1087
1090 1089 1088
1091 1089 1090
1092 1089 1091
1093 1089 1092
1093 1094 1089
1095 1096 1097
1098 1099 567
563 567 1099
1098 1100 1099
1100 1098 1075
1100 1075 1076
